#   Press      Temp       H2O(1)      CH4(6)     C2H6(27)     CO2(2)       O2(7)       O3(3)       CO(5)     H2CO(20)    HNO3(12)     NO2(10)     SO2(9)      OCS(19)     N2(22)    
2.22826e-03 1.78200e+02 1.29798e-07 1.42598e-04 5.06328e-06 1.38299e-04 2.66842e-06 2.09336e-16 5.59135e-03 3.45225e-06 4.64265e-26 1.01732e-16 4.26091e-16 6.43248e-22 9.94116e-01
3.01832e-03 1.78200e+02 1.50583e-07 1.65093e-04 5.64940e-06 1.57080e-04 1.76200e-06 1.57793e-16 5.40637e-03 4.43180e-06 9.14651e-26 1.14814e-16 4.91078e-16 8.69648e-22 9.94259e-01
4.08850e-03 1.78200e+02 1.79866e-07 2.00053e-04 6.53474e-06 1.88220e-04 7.69764e-07 7.35917e-17 5.20426e-03 6.04682e-06 1.70046e-25 1.28068e-16 4.57350e-16 1.24507e-21 9.94394e-01
5.53814e-03 1.78200e+02 2.12847e-07 2.48876e-04 7.72251e-06 2.32638e-04 1.09196e-07 1.03052e-17 4.98422e-03 8.36999e-06 2.44301e-25 1.24537e-16 3.16890e-16 1.84731e-21 9.94518e-01
7.50176e-03 1.78200e+02 2.42861e-07 3.14898e-04 9.24634e-06 2.93003e-04 4.86915e-09 3.92029e-19 4.74437e-03 1.12140e-05 2.29502e-25 7.73609e-17 2.09218e-16 2.83505e-21 9.94627e-01
1.01616e-02 1.78200e+02 2.66102e-07 4.03464e-04 1.11583e-05 3.74153e-04 2.03418e-09 1.17145e-19 4.48144e-03 1.39070e-05 1.82442e-25 4.36386e-17 1.88018e-16 4.49260e-21 9.94716e-01
1.37645e-02 1.78200e+02 2.77039e-07 5.21334e-04 1.35190e-05 4.82390e-04 8.53469e-10 2.90099e-20 4.19881e-03 1.54641e-05 1.13038e-25 1.86284e-17 1.80912e-16 7.31712e-21 9.94768e-01
1.86450e-02 1.78200e+02 2.75667e-07 6.77103e-04 1.64027e-05 6.25966e-04 3.30699e-10 5.30758e-21 3.90014e-03 1.56839e-05 5.57186e-26 6.18604e-18 1.72216e-16 1.21062e-20 9.94764e-01
2.52558e-02 1.78200e+02 2.64300e-07 8.78710e-04 1.98455e-05 8.12918e-04 1.19398e-10 7.42640e-22 3.59437e-03 1.50368e-05 2.36441e-26 1.73893e-18 1.66456e-16 2.01633e-20 9.94679e-01
3.42106e-02 1.78200e+02 2.45282e-07 1.13304e-03 2.38012e-05 1.05088e-03 4.57617e-11 1.14913e-22 3.29288e-03 1.36279e-05 9.90092e-27 5.03565e-19 1.65814e-16 3.37574e-20 9.94486e-01
4.63404e-02 1.78200e+02 2.21362e-07 1.44561e-03 2.78357e-05 1.34586e-03 2.71200e-11 4.15089e-23 2.99972e-03 1.15751e-05 5.10987e-27 2.16755e-19 1.87598e-16 5.65486e-20 9.94169e-01
6.27710e-02 1.78200e+02 1.96028e-07 1.81380e-03 3.08113e-05 1.69773e-03 2.42857e-11 3.32861e-23 2.71912e-03 9.28792e-06 3.86412e-27 1.32489e-19 3.05373e-16 9.42309e-20 9.93729e-01
8.50273e-02 1.78200e+02 1.72800e-07 2.22099e-03 3.14688e-05 2.09531e-03 8.68255e-11 1.35049e-22 2.46095e-03 7.09346e-06 4.65944e-27 1.00004e-19 7.97206e-16 1.54718e-19 9.93184e-01
1.15175e-01 1.78200e+02 1.53363e-07 2.64429e-03 2.95683e-05 2.51761e-03 6.04136e-09 1.25203e-20 2.22671e-03 5.20254e-06 9.40788e-27 9.17685e-20 2.51771e-15 2.45388e-19 9.92576e-01
1.56012e-01 1.78200e+02 1.38326e-07 3.04825e-03 2.58480e-05 2.93222e-03 1.01780e-07 3.40444e-19 2.02038e-03 3.72957e-06 2.75369e-26 1.13629e-19 7.39131e-15 3.68242e-19 9.91969e-01
2.11328e-01 1.78200e+02 1.27457e-07 3.39498e-03 2.16919e-05 3.29709e-03 3.61451e-07 2.71675e-18 1.84586e-03 2.68187e-06 9.67552e-26 2.09852e-19 1.73215e-14 5.06898e-19 9.91437e-01
2.86257e-01 1.78200e+02 1.19668e-07 3.67421e-03 1.80985e-05 3.59729e-03 6.46928e-07 1.59834e-17 1.70136e-03 1.97495e-06 3.46760e-25 6.06577e-19 3.20220e-14 6.46261e-19 9.91006e-01
3.87754e-01 1.78200e+02 1.14084e-07 3.88852e-03 1.53538e-05 3.83022e-03 8.90437e-07 8.63875e-17 1.58198e-03 1.47692e-06 1.16466e-24 2.10163e-18 4.96429e-14 7.92857e-19 9.90681e-01
5.25237e-01 1.78200e+02 1.10076e-07 4.04820e-03 1.33756e-05 4.00419e-03 1.08718e-06 3.44732e-16 1.48453e-03 1.13061e-06 3.45657e-24 5.76483e-18 6.71661e-14 9.54734e-19 9.90447e-01
7.11467e-01 1.78200e+02 1.07309e-07 4.17565e-03 1.18444e-05 4.13821e-03 1.26114e-06 1.01623e-15 1.40049e-03 8.95166e-07 9.31353e-24 1.19951e-17 8.39402e-14 1.13749e-18 9.90272e-01
9.63727e-01 1.78200e+02 1.05350e-07 4.29654e-03 1.04596e-05 4.26054e-03 1.44493e-06 2.73201e-15 1.31522e-03 7.21576e-07 2.61541e-23 2.31958e-17 1.02749e-13 1.35445e-18 9.90115e-01
1.30543e+00 1.78200e+02 1.04400e-07 4.41020e-03 9.20199e-06 4.37620e-03 1.64922e-06 7.58218e-15 1.22708e-03 5.85207e-07 8.26629e-23 4.80159e-17 1.26823e-13 1.59686e-18 9.89975e-01
1.76829e+00 1.78200e+02 1.04645e-07 4.52095e-03 8.04663e-06 4.48795e-03 1.88469e-06 2.31012e-14 1.13647e-03 4.65724e-07 2.97328e-22 1.15551e-16 1.62079e-13 1.84873e-18 9.89844e-01
2.39526e+00 1.78200e+02 1.05998e-07 4.62846e-03 6.97677e-06 4.59625e-03 2.16360e-06 7.21450e-14 1.04093e-03 3.58734e-07 1.09751e-21 2.96088e-16 2.16176e-13 2.09349e-18 9.89725e-01
3.24453e+00 1.78200e+02 1.08182e-07 4.73316e-03 5.99643e-06 4.70216e-03 2.49002e-06 2.01869e-13 9.43859e-04 2.66629e-07 3.60426e-21 6.46820e-16 2.96545e-13 2.31422e-18 9.89612e-01
4.39492e+00 1.78200e+02 1.11097e-07 4.83391e-03 5.10920e-06 4.80391e-03 2.85743e-06 4.88804e-13 8.45334e-04 1.88290e-07 1.03769e-20 1.13825e-15 4.28352e-13 2.50503e-18 9.89509e-01
5.95320e+00 1.78200e+02 1.14638e-07 4.93126e-03 4.31639e-06 4.90226e-03 3.24165e-06 1.11573e-12 7.47868e-04 1.18966e-07 2.84336e-20 1.85357e-15 6.71477e-13 2.67463e-18 9.89411e-01
8.06399e+00 1.78200e+02 1.18708e-07 5.02317e-03 3.62680e-06 4.99617e-03 3.58150e-06 2.47403e-12 6.55230e-04 6.23972e-08 7.21950e-20 2.83698e-15 1.09407e-12 2.86749e-18 9.89318e-01
1.09232e+01 1.78200e+02 1.23471e-07 5.10836e-03 3.04949e-06 5.08265e-03 3.76400e-06 4.96305e-12 5.71594e-04 2.82684e-08 1.58067e-19 3.74940e-15 1.69646e-12 3.18703e-18 9.89230e-01
1.47962e+01 1.78200e+02 1.29221e-07 5.18815e-03 2.56856e-06 5.16415e-03 3.70179e-06 8.45770e-12 4.97456e-04 1.23277e-08 2.91300e-19 4.22841e-15 2.38203e-12 3.79649e-18 9.89144e-01
2.00423e+01 1.78200e+02 1.36245e-07 5.26633e-03 2.16666e-06 5.24245e-03 3.38566e-06 1.24623e-11 4.31999e-04 5.64635e-09 4.64893e-19 4.30500e-15 3.09068e-12 4.91925e-18 9.89054e-01
2.71486e+01 1.78200e+02 1.44816e-07 5.34409e-03 1.83182e-06 5.32027e-03 2.88996e-06 1.63449e-11 3.74638e-04 2.93034e-09 6.80652e-19 4.20036e-15 3.87900e-12 6.88316e-18 9.88956e-01
3.67745e+01 1.78200e+02 1.55513e-07 5.42358e-03 1.55088e-06 5.39858e-03 2.30825e-06 1.90801e-11 3.23839e-04 1.82945e-09 9.68323e-19 4.03360e-15 4.86584e-12 1.03107e-17 9.88850e-01
4.98135e+01 1.78200e+02 1.68296e-07 5.50764e-03 1.31791e-06 5.48164e-03 1.72710e-06 1.97420e-11 2.79233e-04 1.40558e-09 1.38929e-18 3.87579e-15 6.14828e-12 1.64777e-17 9.88728e-01
6.74755e+01 1.78200e+02 1.82093e-07 5.59841e-03 1.12355e-06 5.57032e-03 1.20136e-06 1.84703e-11 2.39473e-04 1.23535e-09 2.01363e-18 3.81499e-15 7.85042e-12 2.89980e-17 9.88589e-01
9.13999e+01 1.78200e+02 1.94806e-07 5.69841e-03 9.66908e-07 5.66708e-03 7.83210e-07 1.62029e-11 2.04746e-04 1.12759e-09 2.99016e-18 4.00302e-15 1.01393e-11 6.05214e-17 9.88428e-01
1.23807e+02 1.78200e+02 2.04554e-07 5.80821e-03 8.43182e-07 5.77360e-03 4.81469e-07 1.36353e-11 1.74429e-04 1.00816e-09 4.64924e-18 4.63586e-15 1.32043e-11 1.68362e-16 9.88242e-01
1.67704e+02 1.78200e+02 2.10562e-07 5.93275e-03 7.47355e-07 5.89296e-03 2.79693e-07 1.09672e-11 1.47808e-04 8.61578e-10 7.73241e-18 6.06011e-15 1.73411e-11 6.52860e-16 9.88025e-01
2.27166e+02 1.78200e+02 2.12348e-07 6.07316e-03 6.77197e-07 6.02864e-03 1.55410e-07 8.30963e-12 1.24554e-04 7.00639e-10 1.38960e-17 8.98827e-15 2.29358e-11 3.17388e-15 9.87773e-01
3.07711e+02 1.78200e+02 2.10018e-07 6.23329e-03 6.30073e-07 6.18240e-03 8.23848e-08 5.75528e-12 1.04347e-04 5.40612e-10 2.62114e-17 1.46637e-14 3.05150e-11 1.57041e-14 9.87479e-01
4.16814e+02 1.78200e+02 2.04032e-07 6.41161e-03 6.03884e-07 6.35561e-03 4.13754e-08 3.49609e-12 8.71970e-05 3.94140e-10 4.89434e-17 2.47832e-14 4.06984e-11 6.95601e-14 9.87145e-01
5.64602e+02 1.78200e+02 1.95164e-07 6.61071e-03 5.96212e-07 6.54670e-03 1.94030e-08 1.76267e-12 7.27464e-05 2.70045e-10 8.51995e-17 4.07777e-14 5.43864e-11 2.66981e-13 9.86769e-01
7.64789e+02 1.78200e+02 1.83656e-07 6.83278e-03 6.05383e-07 6.76223e-03 8.38518e-09 7.22441e-13 6.06180e-05 1.74952e-10 1.31628e-16 6.27393e-14 7.31643e-11 9.01105e-13 9.86344e-01
1.03596e+03 1.78200e+02 1.70317e-07 7.08188e-03 6.29654e-07 7.00225e-03 3.24015e-09 2.43541e-13 5.04900e-05 1.07508e-10 1.73996e-16 8.89239e-14 9.89872e-11 2.59713e-12 9.85865e-01
1.40327e+03 1.78200e+02 1.54884e-07 7.36640e-03 6.69274e-07 7.27530e-03 1.05922e-09 7.03418e-14 4.18420e-05 6.30472e-11 1.93475e-16 1.16921e-13 1.35609e-10 6.67054e-12 9.85316e-01
1.90082e+03 1.78200e+02 1.37579e-07 7.68887e-03 7.24646e-07 7.58541e-03 2.83949e-10 1.73658e-14 3.45572e-05 3.59626e-11 1.80969e-16 1.38366e-13 1.85972e-10 1.56539e-11 9.84690e-01
2.57478e+03 1.78200e+02 1.18393e-07 8.05739e-03 7.97363e-07 7.93964e-03 5.94085e-11 3.24976e-15 2.84175e-05 2.01124e-11 1.57574e-16 1.44850e-13 2.52022e-10 3.46286e-11 9.83974e-01
3.48770e+03 1.78200e+02 9.73370e-08 8.46952e-03 8.87879e-07 8.33968e-03 9.55690e-12 4.14508e-16 2.32672e-05 1.08769e-11 1.87311e-16 1.34650e-13 3.32520e-10 7.23877e-11 9.83167e-01
4.72431e+03 1.78200e+02 7.53363e-08 8.90750e-03 9.93330e-07 8.77238e-03 1.77552e-12 5.45891e-17 1.90932e-05 5.74787e-12 4.82197e-16 1.16223e-13 4.15732e-10 1.41160e-10 9.82300e-01
6.39938e+03 1.78200e+02 5.48889e-08 9.32054e-03 1.10050e-06 9.20056e-03 4.81696e-13 9.88621e-18 1.60226e-05 2.98839e-12 1.87458e-15 8.82542e-14 4.68440e-10 2.45468e-10 9.81462e-01
8.66836e+03 1.78200e+02 3.86552e-08 9.65118e-03 1.19359e-06 9.56097e-03 9.86481e-14 1.21521e-18 1.40201e-05 2.17613e-12 6.81767e-15 5.27948e-14 4.58804e-10 3.69049e-10 9.80773e-01
1.17418e+04 1.78200e+02 2.84543e-08 9.85998e-03 1.25523e-06 9.80923e-03 9.69942e-15 6.95419e-20 1.29550e-05 9.22153e-12 1.84947e-14 2.96962e-14 4.09020e-10 4.72003e-10 9.80317e-01
1.59051e+04 1.78200e+02 2.38343e-08 9.95371e-03 1.28460e-06 9.93699e-03 4.84004e-17 3.96854e-22 1.25348e-05 7.69011e-11 3.39781e-14 1.88673e-14 3.75266e-10 5.25453e-10 9.80095e-01
2.15444e+04 1.79254e+02 3.87385e-08 9.97836e-03 1.29300e-06 9.97471e-03 1.67870e-14 6.87774e-20 1.24382e-05 2.63283e-10 4.39426e-14 1.79342e-14 3.67864e-10 5.39097e-10 9.80033e-01
2.91833e+04 1.98939e+02 1.12772e-06 9.98463e-03 1.29463e-06 9.98325e-03 2.25779e-14 5.43735e-20 1.24200e-05 5.01981e-10 5.00369e-14 1.20519e-14 3.67500e-10 5.41550e-10 9.80017e-01
3.95307e+04 2.18894e+02 1.87203e-05 9.98944e-03 1.29644e-06 9.98788e-03 2.63917e-14 2.57971e-20 1.24100e-05 1.08260e-09 6.07103e-14 6.90447e-15 3.50583e-10 5.42012e-10 9.79990e-01
5.35468e+04 2.38762e+02 1.89701e-04 9.99361e-03 1.29800e-06 9.99261e-03 2.10585e-14 1.22578e-20 1.24000e-05 2.58235e-09 8.11647e-14 4.38107e-15 2.94115e-10 5.40009e-10 9.79810e-01
7.25326e+04 2.57750e+02 1.25521e-03 9.99700e-03 1.29914e-06 9.99614e-03 3.73218e-12 7.92742e-17 1.24000e-05 6.61020e-09 1.23587e-13 1.76508e-12 1.94192e-10 5.35787e-10 9.78738e-01
9.82500e+04 2.75400e+02 5.60600e-03 1.00000e-02 1.30000e-06 9.99900e-03 1.00000e-08 1.96200e-13 1.24000e-05 1.21700e-08 1.65700e-13 3.55700e-11 5.46700e-11 5.33600e-10 9.74381e-01
