#   Press      Temp       H2O(1)      CH4(6)     C2H6(27)     CO2(2)       O2(7)       O3(3)       CO(5)     H2CO(20)    HNO3(12)     NO2(10)     SO2(9)      OCS(19)     N2(22)    
8.44500e-03 1.78200e+02 4.71100e-08 2.05200e-05 4.84100e-07 1.00000e-02 3.47300e-05 5.98000e-14 6.45200e-03 5.08500e-07 3.36700e-26 6.97400e-17 1.60000e-13 2.08200e-19 9.83492e-01
1.11259e-02 1.78200e+02 5.25669e-08 2.28192e-05 5.24048e-07 1.00000e-02 3.49238e-05 7.29096e-14 6.20416e-03 5.38280e-07 5.71288e-26 8.03210e-17 2.07843e-13 2.36991e-19 9.83737e-01
1.46578e-02 1.78200e+02 6.55354e-08 2.82544e-05 6.16928e-07 1.00000e-02 3.52778e-05 8.74273e-14 5.95212e-03 6.13353e-07 1.30069e-25 9.70940e-17 3.10810e-13 3.01313e-19 9.83983e-01
1.93110e-02 1.78200e+02 8.62717e-08 3.69409e-05 7.60762e-07 1.00000e-02 3.55532e-05 1.02085e-13 5.69814e-03 7.28417e-07 3.24703e-25 1.21655e-16 4.80914e-13 4.01179e-19 9.84228e-01
2.54413e-02 1.78200e+02 1.16177e-07 4.94386e-05 9.59468e-07 1.00000e-02 3.54920e-05 1.15085e-13 5.44108e-03 8.88741e-07 8.53647e-25 1.56127e-16 7.55701e-13 5.46389e-19 9.84472e-01
3.35177e-02 1.78200e+02 1.57708e-07 6.67799e-05 1.22230e-06 1.00000e-02 3.48015e-05 1.23557e-13 5.18010e-03 1.11393e-06 2.32295e-24 2.04105e-16 1.20642e-12 7.57869e-19 9.84716e-01
4.41580e-02 1.78200e+02 2.13984e-07 9.04431e-05 1.56138e-06 1.00000e-02 3.31617e-05 1.24455e-13 4.91394e-03 1.44801e-06 6.43992e-24 2.71399e-16 1.97241e-12 1.07519e-18 9.84959e-01
5.81760e-02 1.78200e+02 2.89097e-07 1.22497e-04 1.99477e-06 1.00000e-02 3.02503e-05 1.14479e-13 4.64168e-03 1.98539e-06 1.77616e-23 3.67068e-16 3.31775e-12 1.57059e-18 9.85201e-01
7.66442e-02 1.78200e+02 3.86418e-07 1.65695e-04 2.54131e-06 1.00000e-02 2.57819e-05 9.21361e-14 4.36030e-03 2.92408e-06 4.68276e-23 5.00737e-16 5.70595e-12 2.38792e-18 9.85442e-01
1.00975e-01 1.78200e+02 5.05059e-07 2.24023e-04 3.22238e-06 1.00000e-02 1.96263e-05 5.98284e-14 4.06510e-03 4.62301e-06 1.08496e-22 6.50586e-16 9.61131e-12 3.83340e-18 9.85683e-01
1.33030e-01 1.78200e+02 6.25931e-07 3.03152e-04 4.05990e-06 1.00000e-02 1.22285e-05 2.64045e-14 3.75037e-03 7.44229e-06 1.84153e-22 6.67901e-16 1.42961e-11 6.60200e-18 9.85922e-01
1.75260e-01 1.78200e+02 6.79902e-07 4.10622e-04 5.07136e-06 1.00000e-02 5.22825e-06 5.36143e-15 3.40923e-03 1.05221e-05 1.56325e-22 3.30810e-16 1.49210e-11 1.21497e-17 9.86159e-01
2.30897e-01 1.78200e+02 5.93363e-07 5.52561e-04 6.25269e-06 1.00000e-02 1.14459e-06 2.76214e-16 3.04155e-03 9.93681e-06 4.90044e-23 3.81617e-17 7.71574e-12 2.22533e-17 9.86388e-01
3.04196e-01 1.78200e+02 4.67206e-07 7.26776e-04 7.53825e-06 1.00000e-02 1.37705e-07 7.29986e-18 2.67546e-03 7.09769e-06 1.08286e-23 3.09450e-18 2.82635e-12 3.53663e-17 9.86583e-01
4.00764e-01 1.78200e+02 3.73937e-07 9.19507e-04 8.66023e-06 1.00000e-02 2.87175e-07 9.95353e-18 2.33839e-03 4.84133e-06 4.46621e-24 1.02914e-18 2.23162e-12 4.59783e-17 9.86728e-01
5.27987e-01 1.78200e+02 3.11222e-07 1.10822e-03 9.29439e-06 1.00000e-02 8.60444e-07 3.90620e-17 2.04501e-03 3.14779e-06 9.59519e-24 9.91821e-19 3.40482e-12 5.08737e-17 9.86833e-01
6.95598e-01 1.78200e+02 2.69459e-07 1.27343e-03 9.56111e-06 1.00000e-02 1.54164e-06 2.00157e-16 1.79964e-03 2.01100e-06 3.53739e-23 2.72766e-18 5.60041e-12 5.21606e-17 9.86914e-01
9.16417e-01 1.78200e+02 2.40283e-07 1.40668e-03 9.73302e-06 1.00000e-02 2.16893e-06 1.93220e-15 1.59926e-03 1.22040e-06 1.32780e-22 1.97344e-17 8.94039e-12 5.32865e-17 9.86981e-01
1.20734e+00 1.78200e+02 2.18653e-07 1.50953e-03 9.88100e-06 1.00000e-02 2.71007e-06 1.11463e-14 1.43907e-03 6.39183e-07 4.44378e-22 8.89289e-17 1.25320e-11 5.60380e-17 9.87038e-01
1.59061e+00 1.78200e+02 2.03084e-07 1.58804e-03 1.00023e-05 1.00000e-02 3.15341e-06 3.51906e-14 1.31076e-03 3.54929e-07 1.26574e-21 2.16615e-16 1.61733e-11 6.08561e-17 9.87087e-01
2.09555e+00 1.78200e+02 1.92870e-07 1.64837e-03 1.01048e-05 1.00000e-02 3.49577e-06 8.25268e-14 1.20923e-03 2.32125e-07 3.23974e-21 4.08914e-16 2.08216e-11 6.77502e-17 9.87128e-01
2.76079e+00 1.78200e+02 1.86194e-07 1.69454e-03 1.01801e-05 1.00000e-02 3.74371e-06 1.66562e-13 1.12943e-03 1.57936e-07 7.62290e-21 6.93051e-16 2.68570e-11 7.65049e-17 9.87162e-01
3.63721e+00 1.78200e+02 1.81128e-07 1.73215e-03 1.02503e-05 1.00000e-02 3.91812e-06 3.10439e-13 1.06172e-03 1.03390e-07 1.70570e-20 1.10457e-15 3.45667e-11 8.74983e-17 9.87192e-01
4.79185e+00 1.78200e+02 1.75760e-07 1.76772e-03 1.03104e-05 1.00000e-02 4.03305e-06 5.60805e-13 9.96764e-04 6.10253e-08 3.72478e-20 1.68448e-15 4.42303e-11 1.02270e-16 9.87221e-01
6.31303e+00 1.78200e+02 1.68880e-07 1.80079e-03 1.03705e-05 1.00000e-02 4.07347e-06 9.79240e-13 9.34070e-04 3.23686e-08 7.67514e-20 2.42239e-15 5.52330e-11 1.22050e-16 9.87250e-01
8.31712e+00 1.78200e+02 1.59282e-07 1.83131e-03 1.04406e-05 1.00000e-02 4.02507e-06 1.65110e-12 8.73892e-04 1.58790e-08 1.45022e-19 3.24663e-15 6.63192e-11 1.49076e-16 9.87280e-01
1.09574e+01 1.78200e+02 1.46113e-07 1.86137e-03 1.05007e-05 1.00000e-02 3.89291e-06 2.73144e-12 8.16351e-04 7.61718e-09 2.45629e-19 4.07679e-15 7.58340e-11 1.86339e-16 9.87308e-01
1.44359e+01 1.78200e+02 1.29392e-07 1.88881e-03 1.05607e-05 1.00000e-02 3.70464e-06 4.58121e-12 7.61889e-04 3.82770e-09 3.68947e-19 4.91094e-15 8.30436e-11 2.37074e-16 9.87335e-01
1.90186e+01 1.78200e+02 1.10548e-07 1.91532e-03 1.06208e-05 1.00000e-02 3.49262e-06 8.04399e-12 7.10600e-04 2.10849e-09 4.97439e-19 5.80036e-15 8.95130e-11 3.04193e-16 9.87360e-01
2.50560e+01 1.78200e+02 9.22576e-08 1.93928e-03 1.06807e-05 1.00000e-02 3.26263e-06 1.44677e-11 6.63316e-04 1.30809e-09 6.15524e-19 6.61800e-15 9.84809e-11 3.89732e-16 9.87383e-01
3.30101e+01 1.78200e+02 7.70748e-08 1.96073e-03 1.07407e-05 1.00000e-02 2.99728e-06 2.45727e-11 6.20249e-04 9.34967e-10 7.26920e-19 7.00946e-15 1.12072e-10 4.99639e-16 9.87405e-01
4.34893e+01 1.78200e+02 6.62431e-08 1.98018e-03 1.08006e-05 1.00000e-02 2.67958e-06 3.61703e-11 5.81887e-04 7.76659e-10 8.56834e-19 6.81433e-15 1.28568e-10 6.49427e-16 9.87424e-01
5.72951e+01 1.78200e+02 5.94458e-08 1.99763e-03 1.08605e-05 1.00000e-02 2.31624e-06 4.54842e-11 5.48280e-04 7.18565e-10 1.02907e-18 6.30733e-15 1.44781e-10 8.70363e-16 9.87441e-01
7.54835e+01 1.78200e+02 5.55522e-08 2.01207e-03 1.09204e-05 1.00000e-02 1.93059e-06 5.10537e-11 5.19181e-04 6.94022e-10 1.24141e-18 5.79814e-15 1.59285e-10 1.21211e-15 9.87456e-01
9.94459e+01 1.78200e+02 5.33886e-08 2.02505e-03 1.09702e-05 1.00000e-02 1.54898e-06 5.34190e-11 4.93703e-04 6.69681e-10 1.47344e-18 5.38852e-15 1.72753e-10 1.75728e-15 9.87469e-01
1.31015e+02 1.78200e+02 5.22547e-08 2.03601e-03 1.10300e-05 1.00000e-02 1.19486e-06 5.31344e-11 4.71191e-04 6.34433e-10 1.70109e-18 5.07489e-15 1.85906e-10 2.64698e-15 9.87481e-01
1.72606e+02 1.78200e+02 5.20538e-08 2.04547e-03 1.10898e-05 1.00000e-02 8.85667e-07 5.05314e-11 4.51407e-04 5.87908e-10 1.90646e-18 4.83867e-15 1.99158e-10 4.14060e-15 9.87491e-01
2.27401e+02 1.78200e+02 5.33382e-08 2.05444e-03 1.11496e-05 1.00000e-02 6.27823e-07 4.58052e-11 4.33767e-04 5.32909e-10 2.06798e-18 4.64911e-15 2.12654e-10 6.77565e-15 9.87500e-01
2.99590e+02 1.78200e+02 5.74858e-08 2.06193e-03 1.12093e-05 1.00000e-02 4.23641e-07 3.92174e-11 4.18073e-04 4.74287e-10 2.17624e-18 4.49680e-15 2.26241e-10 1.18554e-14 9.87508e-01
3.94695e+02 1.78200e+02 6.72147e-08 2.06890e-03 1.12790e-05 1.00000e-02 2.66119e-07 3.09044e-11 4.04017e-04 4.15367e-10 2.20520e-18 4.33821e-15 2.40363e-10 2.46511e-14 9.87515e-01
5.19992e+02 1.78200e+02 8.70802e-08 2.07487e-03 1.13487e-05 1.00000e-02 1.51192e-07 2.14101e-11 3.91605e-04 3.57599e-10 2.15422e-18 4.16762e-15 2.54873e-10 9.00257e-14 9.87522e-01
6.85065e+02 1.78200e+02 1.25823e-07 2.08084e-03 1.14184e-05 1.00000e-02 7.06882e-08 1.17248e-11 3.80537e-04 2.98520e-10 1.99892e-18 3.94080e-15 2.71149e-10 9.49432e-13 9.87527e-01
9.02540e+02 1.94340e+02 2.20179e-07 2.08586e-03 1.14886e-05 1.00000e-02 1.61780e-08 1.72886e-12 3.70540e-04 7.17253e-10 9.97186e-19 2.55117e-15 2.38791e-10 2.14508e-11 9.87532e-01
1.18905e+03 2.54783e+02 5.03785e-07 2.09339e-03 1.16416e-05 1.00000e-02 6.82339e-12 2.34190e-17 3.56070e-04 3.63102e-09 1.98166e-20 1.28216e-16 6.33832e-12 3.25342e-10 9.87538e-01
1.56652e+03 2.82790e+02 1.12906e-06 2.10309e-03 1.19758e-05 1.00000e-02 1.65201e-13 1.29591e-19 3.35719e-04 2.78112e-09 2.27827e-21 1.79620e-17 8.08525e-13 4.55143e-10 9.87548e-01
2.06382e+03 2.90653e+02 2.11306e-06 2.11453e-03 1.23407e-05 1.00000e-02 5.00147e-14 2.95147e-20 3.12595e-04 1.85705e-09 1.43223e-21 1.17788e-17 4.48797e-13 5.50907e-10 9.87558e-01
2.71898e+03 2.88480e+02 3.14849e-06 2.12670e-03 1.25705e-05 1.00000e-02 2.06235e-14 1.57463e-20 2.88949e-04 1.40034e-09 3.28065e-21 2.94472e-17 4.62990e-13 6.35413e-10 9.87569e-01
3.58213e+03 2.80561e+02 3.85683e-06 2.13929e-03 1.26300e-05 1.00000e-02 1.29942e-14 1.66276e-20 2.65213e-04 1.22013e-09 1.85929e-20 1.50538e-16 7.29891e-13 7.10568e-10 9.87579e-01
4.71928e+03 2.78524e+02 4.16928e-06 2.15225e-03 1.25575e-05 1.00000e-02 7.29587e-15 1.13566e-20 2.40844e-04 1.00843e-09 9.11388e-20 6.62647e-16 7.38924e-13 7.85667e-10 9.87590e-01
6.21743e+03 2.75538e+02 4.08212e-06 2.16609e-03 1.23483e-05 1.00000e-02 5.13850e-15 1.00886e-20 2.15037e-04 8.46633e-10 4.28314e-19 2.82023e-15 7.79050e-13 8.60154e-10 9.87602e-01
8.19117e+03 2.67973e+02 3.60954e-06 2.17970e-03 1.20081e-05 1.00000e-02 7.80159e-15 2.45783e-20 1.89346e-04 7.40487e-10 2.00602e-18 1.19123e-14 1.18349e-12 9.28705e-10 9.87615e-01
1.07915e+04 2.54648e+02 2.98961e-06 2.19048e-03 1.16657e-05 1.00000e-02 2.80594e-14 1.91094e-19 1.68995e-04 6.44622e-10 8.13530e-18 4.55682e-14 2.78883e-12 9.79648e-10 9.87626e-01
1.42173e+04 2.48552e+02 2.51735e-06 2.19641e-03 1.14578e-05 1.00000e-02 4.57642e-14 4.38559e-19 1.56785e-04 4.87832e-10 1.45121e-17 8.63927e-14 3.24136e-12 1.01826e-09 9.87633e-01
1.87306e+04 2.44353e+02 2.30358e-06 2.19900e-03 1.13750e-05 1.00000e-02 4.67755e-14 5.43343e-19 1.51952e-04 3.41068e-10 1.57814e-17 1.10889e-13 2.72718e-12 1.04199e-09 9.87635e-01
2.46766e+04 2.40633e+02 2.06678e-06 2.20000e-03 1.13600e-05 1.00000e-02 3.94712e-14 5.15594e-19 1.51000e-04 2.19449e-10 1.24149e-17 1.14715e-13 2.40758e-12 1.05404e-09 9.87636e-01
3.25103e+04 2.37265e+02 1.10423e-06 2.20000e-03 1.13500e-05 1.00000e-02 2.80446e-14 3.83072e-19 1.50752e-04 1.35041e-10 7.96443e-18 9.91596e-14 4.46826e-12 1.04470e-09 9.87637e-01
4.28307e+04 2.35183e+02 5.49211e-07 2.20000e-03 1.13500e-05 1.00000e-02 1.87343e-14 2.36487e-19 1.50561e-04 8.26710e-11 1.06638e-17 6.81434e-14 6.33332e-12 9.80433e-10 9.87638e-01
5.64274e+04 2.33989e+02 2.97578e-07 2.20000e-03 1.13500e-05 1.00000e-02 1.25907e-14 1.34668e-19 1.50400e-04 9.94820e-11 1.83709e-16 3.09780e-14 1.07382e-11 8.34333e-10 9.87638e-01
7.43404e+04 2.30318e+02 1.19860e-07 2.20000e-03 1.13400e-05 1.00000e-02 2.31353e-11 6.77605e-16 1.50300e-04 3.66042e-10 3.18104e-15 8.40889e-13 6.83450e-11 5.62972e-10 9.87638e-01
9.79400e+04 2.47500e+02 4.70000e-04 2.20000e-03 1.13400e-05 1.00000e-02 1.00000e-08 1.98700e-13 1.50300e-04 4.16900e-10 1.08000e-14 4.67500e-12 1.03700e-10 3.52300e-10 9.87168e-01
