#   Press      Temp       H2O(1)      CH4(6)     C2H6(27)     CO2(2)       O2(7)       O3(3)       CO(5)     H2CO(20)    HNO3(12)     NO2(10)     SO2(9)      OCS(19)     N2(22)    
9.15800e-03 1.78200e+02 3.17600e-07 8.85700e-05 4.30600e-06 1.00000e-02 2.76200e-05 2.75400e-14 6.39400e-03 3.91400e-06 1.30800e-24 3.32300e-16 1.03100e-12 3.65600e-19 9.83481e-01
1.20484e-02 1.78200e+02 3.50710e-07 9.86275e-05 4.66965e-06 1.00000e-02 2.60561e-05 2.71376e-14 6.13174e-03 4.40682e-06 2.27245e-24 3.78067e-16 1.39435e-12 4.25328e-19 9.83734e-01
1.58510e-02 1.78200e+02 4.26146e-07 1.22447e-04 5.51553e-06 1.00000e-02 2.25682e-05 2.31975e-14 5.84798e-03 5.60738e-06 5.03498e-24 4.54975e-16 2.18223e-12 5.66283e-19 9.83995e-01
2.08537e-02 1.78200e+02 5.37707e-07 1.61130e-04 6.83936e-06 1.00000e-02 1.74663e-05 1.62123e-14 5.54128e-03 7.71830e-06 1.08296e-23 5.38850e-16 3.36264e-12 8.05327e-19 9.84265e-01
2.74354e-02 1.78200e+02 6.72510e-07 2.18063e-04 8.69363e-06 1.00000e-02 1.12311e-05 8.24487e-15 5.20827e-03 1.11514e-05 1.97162e-23 5.71169e-16 4.58513e-12 1.19564e-18 9.84542e-01
3.60944e-02 1.78200e+02 7.90252e-07 2.99824e-04 1.11764e-05 1.00000e-02 4.99154e-06 2.33192e-15 4.84541e-03 1.58405e-05 2.48681e-23 4.42254e-16 4.59583e-12 1.84291e-18 9.84822e-01
4.74862e-02 1.78200e+02 8.07139e-07 4.16719e-04 1.44240e-05 1.00000e-02 7.79019e-07 1.60701e-16 4.44487e-03 1.92196e-05 1.57200e-23 1.62829e-16 2.44671e-12 2.90992e-18 9.85103e-01
6.24734e-02 1.78200e+02 6.93976e-07 5.80682e-04 1.85273e-05 1.00000e-02 3.80794e-09 2.14622e-19 4.01329e-03 1.80657e-05 4.65817e-24 2.13802e-17 6.66434e-13 4.61112e-18 9.85369e-01
8.21907e-02 1.78200e+02 5.53499e-07 8.03558e-04 2.35074e-05 1.00000e-02 3.62131e-10 5.19684e-21 3.57566e-03 1.50564e-05 1.06711e-24 2.77338e-18 1.65095e-13 7.37950e-18 9.85582e-01
1.08131e-01 1.78200e+02 4.34976e-07 1.08922e-03 2.90444e-05 1.00000e-02 1.28386e-10 8.06846e-22 3.15369e-03 1.19723e-05 2.46177e-25 6.87685e-19 5.96548e-14 1.18011e-17 9.85716e-01
1.42259e-01 1.78200e+02 3.43378e-07 1.42964e-03 3.39645e-05 1.00000e-02 1.96860e-10 9.35100e-22 2.76104e-03 8.90101e-06 7.21260e-26 3.11115e-19 6.37974e-14 1.86674e-17 9.85766e-01
1.87157e-01 1.78200e+02 2.75604e-07 1.80171e-03 3.67695e-05 1.00000e-02 5.97342e-09 3.03618e-20 2.40624e-03 6.24169e-06 5.24423e-26 2.03999e-19 1.62582e-13 2.86126e-17 9.85749e-01
2.46226e-01 1.78200e+02 2.26842e-07 2.16854e-03 3.71136e-05 1.00000e-02 7.60314e-08 5.33838e-19 2.09839e-03 4.23480e-06 1.20388e-25 1.90708e-19 4.47053e-13 4.13380e-17 9.85691e-01
3.23938e-01 1.78200e+02 1.92275e-07 2.49499e-03 3.59573e-05 1.00000e-02 2.71436e-07 3.59063e-18 1.83772e-03 2.87669e-06 4.09157e-25 2.80030e-19 1.00719e-12 5.52094e-17 9.85628e-01
4.26176e-01 1.78200e+02 1.67953e-07 2.76159e-03 3.44956e-05 1.00000e-02 5.00341e-07 1.98494e-17 1.62291e-03 2.03770e-06 1.49071e-24 7.29158e-19 1.85863e-12 6.88432e-17 9.85578e-01
5.60683e-01 1.78200e+02 1.50783e-07 2.96851e-03 3.33156e-05 1.00000e-02 7.01646e-07 1.24814e-16 1.44905e-03 1.48276e-06 5.36472e-24 3.01597e-18 3.00029e-12 8.29873e-17 9.85547e-01
7.37641e-01 1.78200e+02 1.38431e-07 3.12686e-03 3.24647e-05 1.00000e-02 8.70221e-07 6.35898e-16 1.30793e-03 1.06538e-06 1.79440e-23 1.15763e-17 4.36210e-12 9.92131e-17 9.85531e-01
9.70449e-01 1.78200e+02 1.29407e-07 3.24870e-03 3.18685e-05 1.00000e-02 1.01028e-06 2.24894e-15 1.19450e-03 7.69822e-07 5.29680e-23 3.16940e-17 5.78320e-12 1.18619e-16 9.85523e-01
1.27673e+00 1.78200e+02 1.22844e-07 3.34114e-03 3.14563e-05 1.00000e-02 1.12553e-06 6.03852e-15 1.10266e-03 5.80826e-07 1.38519e-22 6.63487e-17 7.21332e-12 1.41901e-16 9.85523e-01
1.67969e+00 1.78200e+02 1.18267e-07 3.41188e-03 3.11645e-05 1.00000e-02 1.21824e-06 1.38477e-14 1.02892e-03 4.56097e-07 3.30628e-22 1.20128e-16 8.71296e-12 1.69442e-16 9.85526e-01
2.20982e+00 1.78200e+02 1.15147e-07 3.46587e-03 3.09585e-05 1.00000e-02 1.29321e-06 2.90220e-14 9.69469e-04 3.64223e-07 7.35690e-22 2.00555e-16 1.03529e-11 2.01301e-16 9.85532e-01
2.90726e+00 1.78200e+02 1.13006e-07 3.50724e-03 3.08125e-05 1.00000e-02 1.35437e-06 5.64978e-14 9.21462e-04 2.93896e-07 1.53365e-21 3.14231e-16 1.22191e-11 2.36920e-16 9.85539e-01
3.82482e+00 1.78200e+02 1.11627e-07 3.54001e-03 3.07127e-05 1.00000e-02 1.40928e-06 1.04848e-13 8.80457e-04 2.37554e-07 3.08996e-21 4.73135e-16 1.45314e-11 2.76580e-16 9.85547e-01
5.03198e+00 1.78200e+02 1.10648e-07 3.57175e-03 3.06248e-05 1.00000e-02 1.46767e-06 1.97032e-13 8.40376e-04 1.85735e-07 6.36977e-21 7.12847e-16 1.78346e-11 3.23587e-16 9.85555e-01
6.62014e+00 1.78200e+02 1.09867e-07 3.60066e-03 3.05467e-05 1.00000e-02 1.53399e-06 3.77505e-13 8.00487e-04 1.38555e-07 1.33755e-20 1.08112e-15 2.29376e-11 3.76961e-16 9.85567e-01
8.70953e+00 1.78200e+02 1.09484e-07 3.62840e-03 3.04769e-05 1.00000e-02 1.60821e-06 7.33901e-13 7.60828e-04 9.66180e-08 2.83081e-20 1.63399e-15 3.12464e-11 4.35247e-16 9.85578e-01
1.14584e+01 1.78200e+02 1.09300e-07 3.65431e-03 3.04271e-05 1.00000e-02 1.68778e-06 1.43656e-12 7.21397e-04 6.09479e-08 5.90113e-20 2.41589e-15 4.44251e-11 4.97367e-16 9.85592e-01
1.50748e+01 1.78200e+02 1.09513e-07 3.67903e-03 3.03787e-05 1.00000e-02 1.75833e-06 2.77004e-12 6.82646e-04 3.40311e-08 1.16637e-19 3.39570e-15 6.32106e-11 5.65582e-16 9.85606e-01
1.98325e+01 1.78200e+02 1.10035e-07 3.70282e-03 3.03488e-05 1.00000e-02 1.79500e-06 5.07804e-12 6.45064e-04 1.72020e-08 2.10727e-19 4.39114e-15 8.58125e-11 6.50062e-16 9.85620e-01
2.60919e+01 1.78200e+02 1.11151e-07 3.72371e-03 3.03200e-05 1.00000e-02 1.76626e-06 8.47769e-12 6.09432e-04 8.58659e-09 3.38876e-19 5.11424e-15 1.08321e-10 7.71314e-16 9.85635e-01
3.43268e+01 1.78200e+02 1.12870e-07 3.74352e-03 3.03100e-05 1.00000e-02 1.65528e-06 1.25716e-11 5.76391e-04 4.69103e-09 4.86351e-19 5.38883e-15 1.28451e-10 9.62159e-16 9.85648e-01
4.51608e+01 1.78200e+02 1.15574e-07 3.76134e-03 3.03200e-05 1.00000e-02 1.47002e-06 1.64861e-11 5.46581e-04 3.00646e-09 6.38980e-19 5.26127e-15 1.46590e-10 1.26836e-15 9.85660e-01
5.94141e+01 1.78200e+02 1.19270e-07 3.77625e-03 3.03405e-05 1.00000e-02 1.23787e-06 1.94153e-11 5.20297e-04 2.27189e-09 7.93997e-19 4.91858e-15 1.63879e-10 1.76224e-15 9.85672e-01
7.81658e+01 1.78200e+02 1.23955e-07 3.79011e-03 3.03706e-05 1.00000e-02 9.90461e-07 2.10580e-11 4.97399e-04 1.93188e-09 9.48232e-19 4.53956e-15 1.80761e-10 2.56876e-15 9.85681e-01
1.02836e+02 1.78200e+02 1.30209e-07 3.80101e-03 3.04201e-05 1.00000e-02 7.54130e-07 2.14494e-11 4.77378e-04 1.74382e-09 1.08914e-18 4.19962e-15 1.97420e-10 3.92739e-15 9.85690e-01
1.35292e+02 1.78200e+02 1.39141e-07 3.81095e-03 3.04895e-05 1.00000e-02 5.43863e-07 2.05675e-11 4.59700e-04 1.60575e-09 1.19744e-18 3.89968e-15 2.13806e-10 6.36172e-15 9.85698e-01
1.77992e+02 1.78200e+02 1.53249e-07 3.81987e-03 3.05591e-05 1.00000e-02 3.71020e-07 1.84490e-11 4.44029e-04 1.48384e-09 1.26428e-18 3.63794e-15 2.29567e-10 1.10606e-14 9.85705e-01
2.34168e+02 1.78200e+02 1.77200e-07 3.82785e-03 3.06578e-05 1.00000e-02 2.34427e-07 1.50821e-11 4.29931e-04 1.36102e-09 1.26737e-18 3.37041e-15 2.44447e-10 2.19277e-14 9.85711e-01
3.08075e+02 1.78200e+02 2.17705e-07 3.83479e-03 3.07569e-05 1.00000e-02 1.34372e-07 1.08362e-11 4.17321e-04 1.23452e-09 1.21377e-18 3.09707e-15 2.57948e-10 5.66493e-14 9.85717e-01
4.05306e+02 1.78200e+02 2.87179e-07 3.84174e-03 3.08747e-05 1.00000e-02 6.49026e-08 6.26655e-12 4.05977e-04 1.09922e-09 1.09336e-18 2.76776e-15 2.70284e-10 2.58620e-13 9.85721e-01
5.33226e+02 1.78200e+02 4.02090e-07 3.84667e-03 3.09934e-05 1.00000e-02 2.29822e-08 2.47655e-12 3.95744e-04 9.46294e-10 9.28686e-19 2.37639e-15 2.79071e-10 2.35697e-12 9.85726e-01
7.01518e+02 1.84911e+02 8.30365e-07 3.85180e-03 3.11222e-05 1.00000e-02 2.80970e-09 2.60758e-13 3.86688e-04 1.13049e-09 5.70588e-19 1.50625e-15 2.20688e-10 3.54987e-11 9.85730e-01
9.22926e+02 2.38211e+02 2.47977e-06 3.85858e-03 3.13332e-05 1.00000e-02 2.62357e-12 1.04171e-17 3.75226e-04 4.22693e-09 2.34198e-20 9.88345e-17 8.32329e-12 2.76713e-10 9.85732e-01
1.21421e+03 3.09252e+02 5.85835e-06 3.86868e-03 3.18283e-05 1.00000e-02 4.65651e-14 4.57925e-21 3.55409e-04 1.60692e-09 1.73553e-22 2.36468e-18 8.40627e-14 4.70655e-10 9.85738e-01
1.59743e+03 3.17641e+02 9.81361e-06 3.88344e-03 3.21085e-05 1.00000e-02 1.07085e-14 8.00414e-22 3.28854e-04 8.28946e-10 6.77521e-23 1.31371e-18 3.61177e-14 5.72489e-10 9.85746e-01
2.10160e+03 3.12615e+02 1.26498e-05 3.89952e-03 3.18320e-05 1.00000e-02 5.01408e-15 5.21074e-22 3.01384e-04 6.52971e-10 1.27580e-22 2.11206e-18 3.84809e-14 6.62538e-10 9.85755e-01
2.76489e+03 3.02186e+02 1.42714e-05 3.91645e-03 3.10983e-05 1.00000e-02 3.14580e-15 6.02120e-22 2.74145e-04 6.15855e-10 7.48329e-22 9.52744e-18 6.26432e-14 7.42786e-10 9.85764e-01
3.63752e+03 2.88133e+02 1.48713e-05 3.93351e-03 3.00320e-05 1.00000e-02 2.57564e-15 1.12670e-21 2.47089e-04 6.62757e-10 7.96545e-21 7.54293e-17 1.51844e-13 8.12714e-10 9.85774e-01
4.78557e+03 2.77518e+02 1.46809e-05 3.95128e-03 2.87283e-05 1.00000e-02 2.23457e-15 1.93326e-21 2.19880e-04 6.80630e-10 7.07568e-20 5.37202e-16 3.16185e-13 8.77816e-10 9.85785e-01
6.29595e+03 2.63213e+02 1.38943e-05 3.96819e-03 2.73251e-05 1.00000e-02 3.68550e-15 8.10171e-21 1.93229e-04 7.45781e-10 6.60159e-19 3.96492e-15 9.96178e-13 9.31531e-10 9.85797e-01
8.28302e+03 2.47141e+02 1.28773e-05 3.98228e-03 2.61021e-05 1.00000e-02 1.49368e-14 8.99140e-20 1.70371e-04 7.65090e-10 4.34562e-18 2.21334e-14 3.61340e-12 9.70150e-10 9.85808e-01
1.08972e+04 2.38244e+02 1.20120e-05 3.99253e-03 2.52797e-05 1.00000e-02 3.99625e-14 4.26922e-19 1.54070e-04 6.39784e-10 1.24767e-17 6.12456e-14 6.29170e-12 1.00713e-09 9.85816e-01
1.43365e+04 2.33178e+02 1.14843e-05 3.99766e-03 2.48640e-05 1.00000e-02 5.93239e-14 8.74836e-19 1.45150e-04 4.87563e-10 1.95382e-17 1.02243e-13 6.89534e-12 1.04025e-09 9.85821e-01
1.88613e+04 2.30213e+02 1.13004e-05 3.99900e-03 2.47304e-05 1.00000e-02 5.55292e-14 9.63962e-19 1.42156e-04 3.45572e-10 1.96177e-17 1.20958e-13 5.37554e-12 1.06487e-09 9.85823e-01
2.48142e+04 2.28395e+02 9.89554e-06 4.00000e-03 2.47074e-05 1.00000e-02 4.09643e-14 7.50401e-19 1.41574e-04 2.27611e-10 1.47374e-17 1.16868e-13 4.35579e-12 1.07953e-09 9.85824e-01
3.26458e+04 2.27195e+02 7.75692e-06 4.00000e-03 2.46997e-05 1.00000e-02 2.52035e-14 4.47637e-19 1.41300e-04 1.41833e-10 9.15601e-18 9.51464e-14 5.55212e-12 1.06971e-09 9.85826e-01
4.29492e+04 2.26700e+02 6.98736e-06 4.00000e-03 2.46900e-05 1.00000e-02 1.48945e-14 2.33522e-19 1.41200e-04 8.96305e-11 1.10767e-17 6.27149e-14 6.75174e-12 1.00392e-09 9.85827e-01
5.65045e+04 2.27350e+02 9.04517e-07 4.00000e-03 2.46800e-05 1.00000e-02 7.75416e-15 9.62254e-20 1.41050e-04 1.12952e-10 1.63738e-16 2.67557e-14 1.00778e-11 8.61044e-10 9.85833e-01
7.43380e+04 2.26305e+02 4.52726e-06 4.00000e-03 2.46800e-05 1.00000e-02 9.63219e-12 2.30202e-16 1.40976e-04 5.08854e-10 2.63258e-15 4.01622e-13 5.00562e-11 6.01576e-10 9.85830e-01
9.78000e+04 2.37700e+02 1.69500e-04 4.00000e-03 2.46800e-05 1.00000e-02 1.00000e-08 2.22600e-13 1.40900e-04 7.40900e-10 1.08400e-14 3.64100e-12 9.96000e-11 3.83500e-10 9.85665e-01
