#   Press      Temp       H2O(1)      CH4(6)     C2H6(27)     CO2(2)       O2(7)       O3(3)       CO(5)     H2CO(20)    HNO3(12)     NO2(10)     SO2(9)      OCS(19)     N2(22)    
2.14600e-03 1.78200e+02 5.21500e-09 1.40300e-06 3.60700e-09 1.00000e-02 3.06100e-05 1.74400e-14 7.48300e-03 3.08300e-08 1.84300e-28 1.37700e-17 6.89300e-17 2.25400e-22 9.82485e-01
2.89385e-03 1.78200e+02 5.93383e-09 1.58439e-06 3.95005e-09 1.00000e-02 3.14433e-05 2.52516e-14 7.21677e-03 3.33829e-08 2.58797e-28 1.49104e-17 9.29842e-17 2.61534e-22 9.82750e-01
3.90231e-03 1.78200e+02 7.65514e-09 2.01861e-06 4.75290e-09 1.00000e-02 3.32985e-05 3.69074e-14 6.95022e-03 3.97235e-08 4.31536e-28 1.62257e-17 1.47892e-16 3.38819e-22 9.83014e-01
5.26221e-03 1.78200e+02 1.04654e-08 2.72185e-06 6.00921e-09 1.00000e-02 3.59962e-05 5.38057e-14 6.68413e-03 4.94910e-08 7.70826e-28 1.80137e-17 2.45734e-16 4.49447e-22 9.83277e-01
7.09601e-03 1.78200e+02 1.46506e-08 3.75877e-06 7.77641e-09 1.00000e-02 3.94318e-05 7.78722e-14 6.41872e-03 6.25275e-08 1.47659e-27 2.04675e-17 4.16123e-16 5.88805e-22 9.83538e-01
9.56887e-03 1.78200e+02 2.06917e-08 5.23591e-06 1.01604e-08 1.00000e-02 4.35351e-05 1.11434e-13 6.15369e-03 7.89177e-08 3.05249e-27 2.38913e-17 7.08348e-16 7.52257e-22 9.83797e-01
1.29035e-02 1.78200e+02 2.92650e-08 7.30949e-06 1.33295e-08 1.00000e-02 4.82575e-05 1.57189e-13 5.88859e-03 9.89435e-08 6.81000e-27 2.87269e-17 1.19822e-15 9.34374e-22 9.84056e-01
1.74001e-02 1.78200e+02 4.14498e-08 1.02131e-05 1.75059e-08 1.00000e-02 5.35923e-05 2.18572e-13 5.62354e-03 1.23249e-07 1.64429e-26 3.56502e-17 2.00815e-15 1.12985e-21 9.84312e-01
2.34638e-02 1.78200e+02 5.86273e-08 1.42628e-05 2.29904e-08 1.00000e-02 5.94290e-05 2.98435e-13 5.35953e-03 1.52167e-07 4.32400e-26 4.55858e-17 3.31893e-15 1.33227e-21 9.84567e-01
3.16406e-02 1.78200e+02 8.27654e-08 1.98765e-05 3.01420e-08 1.00000e-02 6.56989e-05 3.99848e-13 5.09610e-03 1.86841e-07 1.20882e-25 5.98989e-17 5.39271e-15 1.54052e-21 9.84818e-01
4.26669e-02 1.78200e+02 1.16597e-07 2.76470e-05 3.94579e-08 1.00000e-02 7.22705e-05 5.24184e-13 4.83141e-03 2.28353e-07 3.55820e-25 8.05798e-17 8.60825e-15 1.75265e-21 9.85068e-01
5.75357e-02 1.78200e+02 1.63591e-07 3.83468e-05 5.15189e-08 1.00000e-02 7.88964e-05 6.69934e-13 4.56809e-03 2.78562e-07 1.10768e-24 1.10713e-16 1.35145e-14 1.97228e-21 9.85314e-01
7.75861e-02 1.78200e+02 2.28523e-07 5.29950e-05 6.70440e-08 1.00000e-02 8.52442e-05 8.31560e-13 4.30527e-03 3.40054e-07 3.59589e-24 1.54957e-16 2.08752e-14 2.20662e-21 9.85556e-01
1.04624e-01 1.78200e+02 3.16826e-07 7.28362e-05 8.68072e-08 1.00000e-02 9.09114e-05 9.97702e-13 4.04243e-03 4.17100e-07 1.19006e-23 2.20802e-16 3.17261e-14 2.46874e-21 9.85793e-01
1.41083e-01 1.78200e+02 4.35499e-07 9.95121e-05 1.11756e-07 1.00000e-02 9.53790e-05 1.15024e-12 3.77841e-03 5.17010e-07 3.98604e-23 3.21177e-16 4.77616e-14 2.78219e-21 9.86026e-01
1.90249e-01 1.78200e+02 5.89718e-07 1.34654e-04 1.42465e-07 1.00000e-02 9.79304e-05 1.26062e-12 3.51645e-03 6.50225e-07 1.35789e-22 4.75884e-16 7.17497e-14 3.18243e-21 9.86250e-01
2.56548e-01 1.78200e+02 7.83188e-07 1.80014e-04 1.79480e-07 1.00000e-02 9.79653e-05 1.29998e-12 3.25515e-03 8.29763e-07 4.50044e-22 7.11319e-16 1.08799e-13 3.73916e-21 9.86465e-01
3.45951e-01 1.78200e+02 1.01211e-06 2.36920e-04 2.22599e-07 1.00000e-02 9.48958e-05 1.23991e-12 2.99684e-03 1.05189e-06 1.41266e-21 1.04533e-15 1.67894e-13 4.57080e-21 9.86669e-01
4.66510e-01 1.78200e+02 1.25817e-06 3.05180e-04 2.70146e-07 1.00000e-02 8.84434e-05 1.07105e-12 2.74483e-03 1.24664e-06 4.07903e-21 1.44688e-15 2.63083e-13 5.87600e-21 9.86859e-01
6.29081e-01 1.78200e+02 1.48385e-06 3.81604e-04 3.18950e-07 1.00000e-02 7.90520e-05 8.28191e-13 2.50832e-03 1.23509e-06 1.04548e-20 1.80377e-15 4.10939e-13 7.94006e-21 9.87028e-01
8.48307e-01 1.78200e+02 1.64233e-06 4.62289e-04 3.66532e-07 1.00000e-02 6.76389e-05 5.81288e-13 2.28880e-03 9.25575e-07 2.26788e-20 1.93993e-15 6.20266e-13 1.11879e-20 9.87178e-01
1.14393e+00 1.78200e+02 1.69700e-06 5.51757e-04 4.16358e-07 1.00000e-02 5.38027e-05 3.59696e-13 2.06487e-03 4.77154e-07 4.12473e-20 1.66585e-15 8.81127e-13 1.70323e-20 9.87327e-01
1.54257e+00 1.78200e+02 1.61070e-06 6.44155e-04 4.66389e-07 1.00000e-02 3.93293e-05 2.33883e-13 1.84411e-03 1.47223e-07 6.03800e-20 1.29322e-15 1.07397e-12 2.84235e-20 9.87470e-01
2.08014e+00 1.78200e+02 1.41593e-06 7.33464e-04 5.14594e-07 1.00000e-02 2.69586e-05 2.06725e-13 1.63851e-03 2.53174e-08 7.95021e-20 1.21639e-15 1.09991e-12 5.17760e-20 9.87599e-01
2.80503e+00 1.78200e+02 1.17197e-06 8.18080e-04 5.60860e-07 1.00000e-02 1.79583e-05 2.47686e-13 1.45013e-03 3.52266e-09 1.05292e-19 1.43728e-15 1.00181e-12 9.84850e-20 9.87712e-01
3.78254e+00 1.78200e+02 9.17801e-07 8.97763e-04 6.04971e-07 1.00000e-02 1.22064e-05 3.67292e-13 1.27829e-03 1.63948e-09 1.43059e-19 1.92742e-15 8.58191e-13 1.83776e-19 9.87810e-01
5.10070e+00 1.78200e+02 6.82241e-07 9.71693e-04 6.46703e-07 1.00000e-02 8.95745e-06 6.41183e-13 1.12318e-03 1.35998e-09 1.97576e-19 2.67617e-15 7.32483e-13 3.17838e-19 9.87895e-01
6.87822e+00 1.78200e+02 4.83249e-07 1.03914e-03 6.85586e-07 1.00000e-02 7.34621e-06 1.28266e-12 9.84525e-04 1.16657e-09 2.73763e-19 3.62342e-15 6.53172e-13 4.90891e-19 9.87968e-01
9.27518e+00 1.78200e+02 3.26685e-07 1.09965e-03 7.21179e-07 1.00000e-02 6.69933e-06 2.84934e-12 8.61658e-04 9.77783e-10 3.72413e-19 4.69465e-15 6.13325e-13 6.77601e-19 9.88031e-01
1.25074e+01 1.78200e+02 2.11654e-07 1.15221e-03 7.52989e-07 1.00000e-02 6.53539e-06 6.70490e-12 7.55178e-04 7.78504e-10 4.82552e-19 5.80411e-15 6.00307e-13 8.61701e-19 9.88085e-01
1.68661e+01 1.78200e+02 1.34096e-07 1.19754e-03 7.81011e-07 1.00000e-02 6.49054e-06 1.55674e-11 6.64661e-04 5.85664e-10 5.85751e-19 6.69315e-15 6.19354e-13 1.04781e-18 9.88130e-01
2.27437e+01 1.78200e+02 8.55350e-08 1.23607e-03 8.05662e-07 1.00000e-02 6.33443e-06 3.21980e-11 5.87193e-04 4.32616e-10 6.78498e-19 6.96421e-15 6.80316e-13 1.25862e-18 9.88170e-01
3.06695e+01 1.78200e+02 5.70511e-08 1.26913e-03 8.27944e-07 1.00000e-02 5.97138e-06 5.53861e-11 5.19390e-04 3.37016e-10 7.81716e-19 6.56381e-15 7.74207e-13 1.52944e-18 9.88205e-01
4.13574e+01 1.78200e+02 4.20158e-08 1.29787e-03 8.48336e-07 1.00000e-02 5.39847e-06 7.83594e-11 4.59978e-04 2.97792e-10 9.39141e-19 5.87458e-15 8.82041e-13 1.91260e-18 9.88236e-01
5.57698e+01 1.78200e+02 3.50778e-08 1.32371e-03 8.67466e-07 1.00000e-02 4.65063e-06 9.41501e-11 4.06984e-04 2.96484e-10 1.17440e-18 5.17950e-15 9.87954e-13 2.50196e-18 9.88264e-01
7.52048e+01 1.78200e+02 3.27098e-08 1.34634e-03 8.85537e-07 1.00000e-02 3.81015e-06 9.95234e-11 3.60424e-04 3.11003e-10 1.50541e-18 4.62456e-15 1.08469e-12 3.44126e-18 9.88289e-01
1.01413e+02 1.78200e+02 3.23314e-08 1.36643e-03 9.03385e-07 1.00000e-02 2.94648e-06 9.60861e-11 3.18531e-04 3.23642e-10 1.90655e-18 4.17588e-15 1.17757e-12 5.00189e-18 9.88311e-01
1.36753e+02 1.78200e+02 3.24662e-08 1.38405e-03 9.20970e-07 1.00000e-02 2.15588e-06 8.69558e-11 2.81841e-04 3.26695e-10 2.37400e-18 3.85322e-15 1.27228e-12 7.61912e-18 9.88331e-01
1.84410e+02 1.78200e+02 3.22077e-08 1.39920e-03 9.38886e-07 1.00000e-02 1.48906e-06 7.53845e-11 2.49335e-04 3.17855e-10 2.89179e-18 3.63270e-15 1.38089e-12 1.20981e-17 9.88349e-01
2.48674e+02 1.78200e+02 3.11278e-08 1.41310e-03 9.57225e-07 1.00000e-02 9.84187e-07 6.40309e-11 2.21141e-04 2.99017e-10 3.47882e-18 3.53835e-15 1.51012e-12 1.96768e-17 9.88364e-01
3.35333e+02 1.78200e+02 2.92271e-08 1.42502e-03 9.76676e-07 1.00000e-02 6.25515e-07 5.41029e-11 1.96069e-04 2.73363e-10 4.19560e-18 3.59572e-15 1.66472e-12 3.23563e-17 9.88377e-01
4.52192e+02 1.78200e+02 2.68335e-08 1.43521e-03 9.96909e-07 1.00000e-02 3.92559e-07 4.56054e-11 1.74291e-04 2.44878e-10 5.23126e-18 3.90327e-15 1.83373e-12 5.32985e-17 9.88389e-01
6.09774e+02 1.78200e+02 2.44019e-08 1.44491e-03 1.01779e-06 1.00000e-02 2.47221e-07 3.79197e-11 1.55662e-04 2.16265e-10 6.92509e-18 4.60673e-15 2.01426e-12 8.89299e-17 9.88398e-01
8.22271e+02 1.78200e+02 2.23227e-08 1.45238e-03 1.03933e-06 1.00000e-02 1.56581e-07 3.07510e-11 1.39623e-04 1.88636e-10 9.90451e-18 5.97119e-15 2.23502e-12 1.51286e-16 9.88407e-01
1.10882e+03 1.78570e+02 2.22717e-08 1.45975e-03 1.06164e-06 1.00000e-02 9.38127e-08 2.32750e-11 1.25992e-04 1.66843e-10 1.47332e-17 8.41403e-15 2.55382e-12 3.24533e-16 9.88413e-01
1.49523e+03 1.87563e+02 2.53133e-08 1.46540e-03 1.08661e-06 1.00000e-02 4.22038e-08 1.00234e-11 1.12933e-04 2.40305e-10 1.78907e-17 1.15174e-14 3.09359e-12 1.40205e-15 9.88421e-01
2.01629e+03 1.91494e+02 2.66608e-08 1.47213e-03 1.11848e-06 1.00000e-02 1.69902e-08 4.40168e-12 1.00326e-04 2.59549e-10 2.73664e-17 1.91085e-14 4.32460e-12 6.03266e-15 9.88426e-01
2.71894e+03 1.92640e+02 2.65797e-08 1.47821e-03 1.15824e-06 1.00000e-02 7.28695e-09 2.09534e-12 8.83733e-05 2.34179e-10 5.45302e-17 3.85234e-14 7.27138e-12 2.66028e-14 9.88432e-01
3.66645e+03 1.90963e+02 2.65737e-08 1.48315e-03 1.20611e-06 1.00000e-02 3.67455e-09 1.22752e-12 7.70903e-05 1.80185e-10 1.42101e-16 9.46801e-14 1.47782e-11 1.04530e-13 9.88439e-01
4.94415e+03 1.89800e+02 2.88404e-08 1.48850e-03 1.25901e-06 1.00000e-02 1.75284e-09 6.32292e-13 6.69140e-05 1.42998e-10 3.92388e-16 2.53525e-13 3.56084e-11 5.80817e-13 9.88443e-01
6.66712e+03 1.91453e+02 3.43496e-08 1.49294e-03 1.31506e-06 1.00000e-02 4.83115e-10 1.65834e-13 5.79129e-05 1.34100e-10 8.60415e-16 6.08396e-13 9.23258e-11 6.75281e-12 9.88448e-01
8.99051e+03 1.94814e+02 4.02609e-08 1.49641e-03 1.36538e-06 1.00000e-02 5.85280e-11 1.62968e-14 5.08909e-05 1.39745e-10 1.31995e-15 1.09953e-12 1.71328e-10 1.04077e-10 9.88451e-01
1.21236e+04 1.99559e+02 3.97324e-08 1.49800e-03 1.40375e-06 1.00000e-02 1.55815e-11 2.94515e-15 4.61881e-05 1.49807e-10 1.33299e-15 1.32286e-12 2.09305e-10 3.83074e-10 9.88454e-01
1.63484e+04 2.05275e+02 3.17649e-08 1.49961e-03 1.42483e-06 1.00000e-02 5.97097e-12 7.96106e-16 4.39371e-05 1.53634e-10 8.67623e-16 1.10775e-12 1.77351e-10 7.08909e-10 9.88455e-01
2.20456e+04 2.11269e+02 2.70304e-08 1.50000e-03 1.43100e-06 1.00000e-02 2.36500e-12 2.28052e-16 4.33422e-05 1.41474e-10 4.39051e-16 7.88344e-13 1.03393e-10 9.04480e-10 9.88455e-01
2.97282e+04 2.16426e+02 3.73711e-08 1.50000e-03 1.43200e-06 1.00000e-02 9.15381e-13 6.69103e-17 4.32138e-05 1.12171e-10 2.16190e-16 5.33878e-13 5.92439e-11 9.86430e-10 9.88455e-01
4.00881e+04 2.20354e+02 3.33290e-08 1.50000e-03 1.43300e-06 1.00000e-02 3.32470e-13 1.85085e-17 4.31173e-05 7.55997e-11 1.06176e-16 3.40468e-13 3.36719e-11 1.00706e-09 9.88455e-01
5.40582e+04 2.19052e+02 1.22000e-05 1.50000e-03 1.43400e-06 1.00000e-02 8.92377e-14 4.01146e-18 4.30482e-05 8.56801e-11 4.11741e-16 1.63700e-13 2.21373e-11 9.38343e-10 9.88443e-01
7.28966e+04 2.48889e+02 5.55796e-04 1.50000e-03 1.43400e-06 1.00000e-02 1.06134e-13 6.51207e-19 4.29876e-05 6.04062e-10 8.95242e-15 2.73196e-14 2.73479e-11 7.35720e-10 9.87900e-01
9.83000e+04 2.80100e+02 7.89200e-03 1.50000e-03 1.43400e-06 1.00000e-02 1.00000e-08 1.16900e-13 4.29500e-05 2.57400e-09 9.66300e-14 9.43600e-12 1.00300e-10 4.47100e-10 9.80564e-01
