#   Press      Temp       H2O(1)      CH4(6)     C2H6(27)     CO2(2)       O2(7)       O3(3)       CO(5)     H2CO(20)    HNO3(12)     NO2(10)     SO2(9)      OCS(19)     N2(22)    
1.30600e-03 1.78200e+02 2.58600e-09 1.51500e-06 5.85200e-09 1.00000e-02 2.77400e-05 7.48700e-15 1.03900e-02 4.05900e-08 4.56600e-28 2.66700e-17 1.69600e-14 4.49200e-20 9.79581e-01
1.75486e-03 1.78200e+02 2.93188e-09 1.70757e-06 6.39820e-09 1.00000e-02 2.81076e-05 1.09008e-14 1.01199e-02 4.45715e-08 6.24831e-28 2.87704e-17 2.15315e-14 5.27703e-20 9.79850e-01
2.35798e-03 1.78200e+02 3.75897e-09 2.16598e-06 7.67296e-09 1.00000e-02 2.89100e-05 1.57549e-14 9.86151e-03 5.41897e-08 9.88537e-28 3.08599e-17 3.11097e-14 7.06644e-20 9.80107e-01
3.16839e-03 1.78200e+02 5.10637e-09 2.90832e-06 9.66565e-09 1.00000e-02 3.00648e-05 2.24687e-14 9.59778e-03 6.91911e-08 1.63496e-27 3.33849e-17 4.63527e-14 9.84805e-20 9.80369e-01
4.25733e-03 1.78200e+02 7.10312e-09 3.99858e-06 1.24663e-08 1.00000e-02 3.15077e-05 3.15324e-14 9.33375e-03 8.97371e-08 2.81145e-27 3.65278e-17 7.00411e-14 1.37527e-19 9.80631e-01
5.72053e-03 1.78200e+02 9.97089e-09 5.54908e-06 1.62390e-08 1.00000e-02 3.31837e-05 4.35058e-14 9.07221e-03 1.16287e-07 5.08851e-27 4.05847e-17 1.07073e-13 1.89473e-19 9.80889e-01
7.68661e-03 1.78200e+02 1.40334e-08 7.72332e-06 2.12391e-08 1.00000e-02 3.50614e-05 5.89574e-14 8.80931e-03 1.49426e-07 9.74770e-27 4.59544e-17 1.65151e-13 2.56704e-19 9.81148e-01
1.03284e-02 1.78200e+02 1.97601e-08 1.07520e-05 2.78198e-08 1.00000e-02 3.70718e-05 7.84048e-14 8.54735e-03 1.90009e-07 1.98650e-26 5.31945e-17 2.56335e-13 3.41316e-19 9.81405e-01
1.38782e-02 1.78200e+02 2.78290e-08 1.49799e-05 3.64594e-08 1.00000e-02 3.91639e-05 1.02250e-13 8.28350e-03 2.39506e-07 4.33473e-26 6.31230e-17 3.99460e-13 4.46327e-19 9.81662e-01
1.86479e-02 1.78200e+02 3.91336e-08 2.08436e-05 4.77328e-08 1.00000e-02 4.12065e-05 1.30234e-13 8.02054e-03 2.99744e-07 1.02036e-25 7.68078e-17 6.23433e-13 5.74689e-19 9.81917e-01
2.50570e-02 1.78200e+02 5.49366e-08 2.89617e-05 6.24301e-08 1.00000e-02 4.30827e-05 1.61568e-13 7.75691e-03 3.74401e-07 2.55124e-25 9.57949e-17 9.71358e-13 7.32293e-19 9.82171e-01
3.36688e-02 1.78200e+02 7.69530e-08 4.01834e-05 8.15512e-08 1.00000e-02 4.45810e-05 1.94378e-13 7.49192e-03 4.68602e-07 6.71924e-25 1.22273e-16 1.51039e-12 9.28632e-19 9.82423e-01
4.52404e-02 1.78200e+02 1.07429e-07 5.56225e-05 1.06305e-07 1.00000e-02 4.54537e-05 2.25083e-13 7.22393e-03 5.90341e-07 1.83924e-24 1.59052e-16 2.34246e-12 1.17900e-18 9.82674e-01
6.07891e-02 1.78200e+02 1.49238e-07 7.67965e-05 1.38134e-07 1.00000e-02 4.53610e-05 2.48080e-13 6.95554e-03 7.55151e-07 5.24945e-24 2.10822e-16 3.64569e-12 1.50911e-18 9.82921e-01
8.16816e-02 1.78200e+02 2.05997e-07 1.05634e-04 1.78754e-07 1.00000e-02 4.39701e-05 2.57015e-13 6.68276e-03 9.92310e-07 1.51358e-23 2.83953e-16 5.72800e-12 1.96647e-18 9.83166e-01
1.09755e-01 1.78200e+02 2.81513e-07 1.44770e-04 2.30186e-07 1.00000e-02 4.09255e-05 2.44933e-13 6.40506e-03 1.36335e-06 4.28545e-23 3.88262e-16 9.15628e-12 2.63720e-18 9.83407e-01
1.47476e-01 1.78200e+02 3.78670e-07 1.97257e-04 2.94131e-07 1.00000e-02 3.59603e-05 2.07107e-13 6.12006e-03 1.98427e-06 1.13880e-22 5.29183e-16 1.48651e-11 3.68469e-18 9.83644e-01
1.98162e-01 1.78200e+02 4.95099e-07 2.67133e-04 3.71872e-07 1.00000e-02 2.90718e-05 1.45647e-13 5.82625e-03 3.02679e-06 2.60012e-22 6.69031e-16 2.37906e-11 5.44849e-18 9.83874e-01
2.66268e-01 1.78200e+02 6.12089e-07 3.58940e-04 4.63168e-07 1.00000e-02 2.09657e-05 7.61767e-14 5.52196e-03 4.49939e-06 4.17326e-22 6.39560e-16 3.45047e-11 8.59587e-18 9.84093e-01
3.57781e-01 1.78200e+02 6.80797e-07 4.75529e-04 5.65554e-07 1.00000e-02 1.36139e-05 2.45900e-14 5.20597e-03 5.62874e-06 3.40379e-22 3.06409e-16 3.93353e-11 1.41029e-17 9.84298e-01
4.80746e-01 1.78200e+02 6.65251e-07 6.15265e-04 6.73740e-07 1.00000e-02 9.20519e-06 4.23444e-15 4.88467e-03 4.71160e-06 1.25670e-22 4.88719e-17 3.28299e-11 2.24314e-17 9.84485e-01
6.45973e-01 1.78200e+02 6.09956e-07 7.86764e-04 7.85174e-07 1.00000e-02 7.48227e-06 9.39850e-16 4.53803e-03 2.74518e-06 6.14908e-23 8.77360e-18 2.78281e-11 3.31178e-17 9.84664e-01
8.67987e-01 1.78200e+02 5.51114e-07 9.80602e-04 8.60334e-07 1.00000e-02 7.43585e-06 4.02510e-15 4.17209e-03 1.54876e-06 2.00137e-22 2.74190e-17 3.14433e-11 4.30955e-17 9.84837e-01
1.16630e+00 1.78200e+02 4.91779e-07 1.17968e-03 9.25891e-07 1.00000e-02 8.44669e-06 4.26408e-14 3.79893e-03 5.13591e-07 9.32556e-22 1.99907e-16 3.86443e-11 5.02668e-17 9.85011e-01
1.56715e+00 1.78200e+02 4.42405e-07 1.37265e-03 9.90542e-07 1.00000e-02 9.98388e-06 1.79487e-13 3.43014e-03 1.10662e-07 3.09218e-21 5.54304e-16 4.81489e-11 5.52659e-17 9.85186e-01
2.10576e+00 1.78200e+02 4.06008e-07 1.55520e-03 1.05234e-06 1.00000e-02 1.15025e-05 4.90505e-13 3.07252e-03 2.92287e-08 8.63918e-21 1.06285e-15 6.37677e-11 6.07954e-17 9.85359e-01
2.82949e+00 1.78200e+02 3.71706e-07 1.72535e-03 1.11112e-06 1.00000e-02 1.24462e-05 1.04713e-12 2.73343e-03 9.26947e-09 2.05636e-20 1.63204e-15 8.17211e-11 7.02491e-17 9.85527e-01
3.80195e+00 1.78200e+02 3.28117e-07 1.88228e-03 1.16532e-06 1.00000e-02 1.25435e-05 1.90797e-12 2.41877e-03 4.47737e-09 3.96126e-20 2.08288e-15 9.64961e-11 8.69427e-17 9.85685e-01
5.10864e+00 1.78200e+02 2.71762e-07 2.02385e-03 1.21616e-06 1.00000e-02 1.19594e-05 3.30450e-12 2.13230e-03 3.12508e-09 6.23529e-20 2.39334e-15 1.05179e-10 1.13387e-16 9.85830e-01
6.86442e+00 1.78200e+02 2.08852e-07 2.14903e-03 1.26161e-06 1.00000e-02 1.11330e-05 5.95171e-12 1.87994e-03 2.46240e-09 8.50069e-20 2.68297e-15 1.09358e-10 1.50573e-16 9.85958e-01
9.22364e+00 1.78200e+02 1.50249e-07 2.25716e-03 1.30269e-06 1.00000e-02 1.03166e-05 1.13149e-11 1.66168e-03 1.92228e-09 1.05935e-19 2.99648e-15 1.13658e-10 1.98377e-16 9.86069e-01
1.23937e+01 1.78200e+02 1.04458e-07 2.34853e-03 1.33792e-06 1.00000e-02 9.51139e-06 2.14382e-11 1.47695e-03 1.44232e-09 1.24440e-19 3.22075e-15 1.22244e-10 2.58026e-16 9.86164e-01
1.66533e+01 1.78200e+02 7.22897e-08 2.42765e-03 1.37039e-06 1.00000e-02 8.62837e-06 3.71536e-11 1.31669e-03 1.04604e-09 1.41257e-19 3.22670e-15 1.35844e-10 3.35174e-16 9.86246e-01
2.23768e+01 1.78200e+02 5.19452e-08 2.49664e-03 1.40024e-06 1.00000e-02 7.64483e-06 5.60790e-11 1.17715e-03 7.54593e-10 1.60514e-19 3.04095e-15 1.52658e-10 4.40065e-16 9.86317e-01
3.00675e+01 1.78200e+02 4.00107e-08 2.55718e-03 1.42809e-06 1.00000e-02 6.57710e-06 7.42976e-11 1.05285e-03 5.63251e-10 1.85792e-19 2.77424e-15 1.71506e-10 5.89628e-16 9.86382e-01
4.04013e+01 1.78200e+02 3.37336e-08 2.61096e-03 1.45398e-06 1.00000e-02 5.49382e-06 8.89102e-11 9.43779e-04 4.63055e-10 2.24566e-19 2.52818e-15 1.92883e-10 8.04813e-16 9.86438e-01
5.42868e+01 1.78200e+02 3.08316e-08 2.65846e-03 1.47851e-06 1.00000e-02 4.43305e-06 9.79437e-11 8.47043e-04 4.28937e-10 2.79005e-19 2.30907e-15 2.16877e-10 1.12742e-15 9.86489e-01
7.29445e+01 1.78200e+02 2.96559e-08 2.69959e-03 1.50306e-06 1.00000e-02 3.44885e-06 1.01038e-10 7.61515e-04 4.24162e-10 3.50300e-19 2.12688e-15 2.42298e-10 1.62220e-15 9.86534e-01
9.80147e+01 1.78200e+02 2.90558e-08 2.73637e-03 1.52705e-06 1.00000e-02 2.58468e-06 9.92053e-11 6.86390e-04 4.21858e-10 4.35021e-19 1.98268e-15 2.68663e-10 2.40242e-15 9.86573e-01
1.31701e+02 1.78200e+02 2.82880e-08 2.76973e-03 1.55119e-06 1.00000e-02 1.86249e-06 9.36862e-11 6.19768e-04 4.10789e-10 5.25169e-19 1.86348e-15 2.96127e-10 3.65928e-15 9.86607e-01
1.76965e+02 1.78200e+02 2.70199e-08 2.79783e-03 1.57585e-06 1.00000e-02 1.29147e-06 8.56585e-11 5.60780e-04 3.89565e-10 6.14227e-19 1.76464e-15 3.24903e-10 5.71862e-15 9.86638e-01
2.37786e+02 1.78200e+02 2.51944e-08 2.82414e-03 1.60230e-06 1.00000e-02 8.69009e-07 7.61136e-11 5.09080e-04 3.60111e-10 6.93751e-19 1.68026e-15 3.54310e-10 9.16040e-15 9.86664e-01
3.19511e+02 1.78200e+02 2.30540e-08 2.84608e-03 1.62812e-06 1.00000e-02 5.70121e-07 6.56601e-11 4.64423e-04 3.25409e-10 7.62771e-19 1.61410e-15 3.84162e-10 1.50741e-14 9.86687e-01
4.29323e+02 1.78200e+02 2.10813e-08 2.86468e-03 1.65482e-06 1.00000e-02 3.62477e-07 5.44792e-11 4.26044e-04 2.88022e-10 8.16892e-19 1.56089e-15 4.15735e-10 2.58714e-14 9.86707e-01
5.76877e+02 1.78200e+02 2.03787e-08 2.88162e-03 1.68252e-06 1.00000e-02 2.10426e-07 4.20795e-11 3.92425e-04 2.48343e-10 8.30771e-19 1.50195e-15 4.56071e-10 5.58779e-14 9.86724e-01
7.75143e+02 1.91742e+02 2.51562e-08 2.89587e-03 1.71269e-06 1.00000e-02 6.64712e-08 9.69469e-12 3.62389e-04 5.37885e-10 4.77721e-19 1.09251e-15 4.75976e-10 1.11916e-12 9.86740e-01
1.04155e+03 2.06078e+02 3.00951e-08 2.91269e-03 1.76016e-06 1.00000e-02 3.95952e-10 3.44738e-14 3.29195e-04 1.10401e-09 1.36135e-19 5.21596e-16 2.76800e-10 1.76634e-10 9.86756e-01
1.39952e+03 2.10991e+02 3.32317e-08 2.92936e-03 1.83681e-06 1.00000e-02 1.35108e-11 7.19195e-16 2.95248e-04 1.12255e-09 1.04033e-19 3.94918e-16 1.22864e-10 4.48243e-10 9.86774e-01
1.88052e+03 2.12577e+02 3.44887e-08 2.94628e-03 1.94492e-06 1.00000e-02 5.44404e-12 2.66500e-16 2.61298e-04 9.97333e-10 2.62965e-19 8.96659e-16 1.33519e-10 6.31078e-10 9.86790e-01
2.52683e+03 2.09823e+02 3.33805e-08 2.96230e-03 2.08031e-06 1.00000e-02 3.33814e-12 1.93841e-16 2.28679e-04 7.40093e-10 1.64389e-18 4.76414e-15 1.79093e-10 8.06453e-10 9.86807e-01
3.39527e+03 2.08346e+02 3.43180e-08 2.97662e-03 2.22960e-06 1.00000e-02 2.08153e-12 1.31791e-16 1.99566e-04 5.98133e-10 1.07812e-17 2.76414e-14 2.29251e-10 1.03330e-09 9.86822e-01
4.56219e+03 2.09403e+02 3.78725e-08 2.98778e-03 2.36879e-06 1.00000e-02 1.51384e-12 9.14330e-17 1.76581e-04 5.59214e-10 4.27838e-17 1.04241e-13 2.65237e-10 1.33780e-09 9.86833e-01
6.13017e+03 2.10902e+02 3.84907e-08 2.99502e-03 2.47516e-06 1.00000e-02 1.49721e-12 8.62720e-17 1.61478e-04 5.33899e-10 9.61087e-17 2.38409e-13 2.80992e-10 1.67973e-09 9.86841e-01
8.23703e+03 2.12940e+02 3.28277e-08 2.99876e-03 2.52811e-06 1.00000e-02 1.37098e-12 7.57830e-17 1.54712e-04 5.02318e-10 1.16451e-16 3.24829e-13 2.43323e-10 1.98171e-09 9.86844e-01
1.10680e+04 2.17286e+02 2.79992e-08 2.99900e-03 2.54259e-06 1.00000e-02 8.84942e-13 4.24913e-17 1.53083e-04 4.73473e-10 8.34553e-17 2.92605e-13 1.51541e-10 2.19385e-09 9.86845e-01
1.48720e+04 2.21235e+02 3.04384e-08 3.00000e-03 2.54548e-06 1.00000e-02 4.88366e-13 2.02841e-17 1.52652e-04 3.97816e-10 5.29518e-17 2.33871e-13 9.16362e-11 2.30919e-09 9.86845e-01
1.99833e+04 2.23013e+02 3.04749e-08 3.00000e-03 2.54800e-06 1.00000e-02 2.65729e-13 1.00089e-17 1.52400e-04 2.80691e-10 3.27339e-17 1.85448e-13 5.68735e-11 2.31816e-09 9.86845e-01
2.68513e+04 2.17372e+02 9.24752e-06 3.00000e-03 2.55000e-06 1.00000e-02 1.26796e-13 5.17219e-18 1.52200e-04 2.72117e-10 7.36059e-17 1.24070e-13 4.24343e-11 2.14898e-09 9.86836e-01
3.60798e+04 2.44486e+02 7.32068e-04 3.00000e-03 2.55100e-06 1.00000e-02 1.84843e-13 8.53622e-19 1.52060e-04 1.40496e-09 1.57690e-15 2.80591e-14 3.67699e-11 1.72009e-09 9.86113e-01
4.84800e+04 2.72000e+02 8.78200e-03 3.00000e-03 2.55100e-06 1.00000e-02 1.00000e-08 3.86600e-14 1.51900e-04 2.42400e-09 2.11400e-14 5.19100e-12 2.08200e-10 1.02400e-09 9.78064e-01
