#   Press      Temp       H2O(1)      CH4(6)     C2H6(27)     CO2(2)       O2(7)       O3(3)       CO(5)     H2CO(20)    HNO3(12)     NO2(10)     SO2(9)      OCS(19)     N2(22)    
1.02900e-03 1.78200e+02 2.89700e-09 5.05600e-07 1.39800e-09 1.00000e-02 3.14800e-05 7.42200e-15 9.40000e-03 1.33100e-08 9.83600e-29 1.47300e-17 3.91400e-16 1.12700e-21 9.80568e-01
1.38825e-03 1.78200e+02 3.29686e-09 5.71461e-07 1.53095e-09 1.00000e-02 3.22593e-05 1.13224e-14 9.13343e-03 1.45837e-08 1.32502e-28 1.58344e-17 5.04389e-16 1.31969e-21 9.80834e-01
1.87293e-03 1.78200e+02 4.25665e-09 7.28563e-07 1.84367e-09 1.00000e-02 3.40087e-05 1.74032e-14 8.86630e-03 1.76549e-08 2.03159e-28 1.68484e-17 7.49414e-16 1.75458e-21 9.81099e-01
2.52683e-03 1.78200e+02 5.82357e-09 9.83211e-07 2.33249e-09 1.00000e-02 3.65664e-05 2.66072e-14 8.59982e-03 2.23925e-08 3.21396e-28 1.79997e-17 1.15499e-15 2.41150e-21 9.81363e-01
3.40901e-03 1.78200e+02 8.16180e-09 1.35908e-06 3.02025e-09 1.00000e-02 3.98572e-05 4.02746e-14 8.33402e-03 2.88081e-08 5.22266e-28 1.93551e-17 1.81821e-15 3.29953e-21 9.81625e-01
4.59920e-03 1.78200e+02 1.15371e-08 1.89529e-06 3.95021e-09 1.00000e-02 4.38297e-05 6.01552e-14 8.06916e-03 3.69950e-08 8.77621e-28 2.10149e-17 2.90072e-15 4.42033e-21 9.81885e-01
6.20491e-03 1.78200e+02 1.63502e-08 2.65034e-06 5.18889e-09 1.00000e-02 4.85117e-05 8.86073e-14 7.80368e-03 4.71673e-08 1.54003e-27 2.31439e-17 4.68100e-15 5.77097e-21 9.82145e-01
8.37122e-03 1.78200e+02 2.31866e-08 3.70958e-06 6.82517e-09 1.00000e-02 5.39250e-05 1.28669e-13 7.53883e-03 5.95326e-08 2.85856e-27 2.59565e-17 7.60796e-15 7.32049e-21 9.82403e-01
1.12939e-02 1.78200e+02 3.28867e-08 5.19143e-06 8.97967e-09 1.00000e-02 6.00731e-05 1.84231e-13 7.27528e-03 7.43418e-08 5.71530e-27 2.97882e-17 1.24249e-14 9.02043e-21 9.82659e-01
1.52369e-02 1.78200e+02 4.65951e-08 7.25927e-06 1.18038e-08 1.00000e-02 6.70147e-05 2.59941e-13 7.01238e-03 9.19046e-08 1.23539e-26 3.50932e-17 2.02503e-14 1.08243e-20 9.82913e-01
2.05565e-02 1.78200e+02 6.59360e-08 1.01369e-05 1.55173e-08 1.00000e-02 7.47683e-05 3.61371e-13 6.74793e-03 1.12603e-07 2.90293e-26 4.25686e-17 3.28347e-14 1.26785e-20 9.83167e-01
2.77333e-02 1.78200e+02 9.31798e-08 1.41415e-05 2.03628e-08 1.00000e-02 8.32680e-05 4.94321e-13 6.48659e-03 1.36862e-07 7.51134e-26 5.32405e-17 5.29026e-14 1.45569e-20 9.83416e-01
3.74158e-02 1.78200e+02 1.31433e-07 1.96886e-05 2.66755e-08 1.00000e-02 9.24741e-05 6.64333e-13 6.22475e-03 1.65351e-07 2.11068e-25 6.86258e-17 8.43573e-14 1.64260e-20 9.83663e-01
5.04788e-02 1.78200e+02 1.84755e-07 2.73309e-05 3.48629e-08 1.00000e-02 1.02202e-04 8.74964e-13 5.96345e-03 1.98830e-07 6.32586e-25 9.10812e-17 1.32812e-13 1.83245e-20 9.83907e-01
6.81024e-02 1.78200e+02 2.58610e-07 3.78190e-05 4.54434e-08 1.00000e-02 1.12354e-04 1.12631e-12 5.70290e-03 2.38392e-07 2.00706e-24 1.24472e-16 2.06482e-13 2.02618e-20 9.84146e-01
9.18788e-02 1.78200e+02 3.60020e-07 5.20972e-05 5.89723e-08 1.00000e-02 1.22263e-04 1.41154e-12 5.44363e-03 2.85637e-07 6.74640e-24 1.75193e-16 3.16625e-13 2.23219e-20 9.84381e-01
1.23956e-01 1.78200e+02 4.96908e-07 7.13279e-05 7.61030e-08 1.00000e-02 1.31605e-04 1.71527e-12 5.18564e-03 3.42592e-07 2.30966e-23 2.54411e-16 4.79284e-13 2.46157e-20 9.84611e-01
1.67233e-01 1.78200e+02 6.77905e-07 9.68789e-05 9.75069e-08 1.00000e-02 1.39622e-04 2.00928e-12 4.92884e-03 4.12199e-07 7.93764e-23 3.81160e-16 7.19016e-13 2.73277e-20 9.84833e-01
2.25619e-01 1.78200e+02 9.09273e-07 1.30128e-04 1.23603e-07 1.00000e-02 1.45376e-04 2.25149e-12 4.67472e-03 4.96917e-07 2.73456e-22 5.87915e-16 1.07750e-12 3.07401e-20 9.85048e-01
3.04389e-01 1.78200e+02 1.19035e-06 1.72339e-04 1.54607e-07 1.00000e-02 1.47700e-04 2.39207e-12 4.42566e-03 5.95067e-07 9.13454e-22 9.22078e-16 1.62237e-12 3.53205e-20 9.85252e-01
4.10660e-01 1.78200e+02 1.51741e-06 2.25735e-04 1.91065e-07 1.00000e-02 1.45376e-04 2.36823e-12 4.17538e-03 7.04916e-07 2.90553e-21 1.44576e-15 2.47356e-12 4.19504e-20 9.85451e-01
5.54033e-01 1.78200e+02 1.91361e-06 3.01192e-04 2.38917e-07 1.00000e-02 1.35474e-04 1.97817e-12 3.88599e-03 8.53263e-07 9.24747e-21 2.19464e-15 3.98389e-12 5.37198e-20 9.85674e-01
7.47462e-01 1.78200e+02 2.30768e-06 4.05286e-04 2.99487e-07 1.00000e-02 1.14579e-04 1.21385e-12 3.55315e-03 9.47190e-07 2.52878e-20 2.65844e-15 6.69313e-12 7.75028e-20 9.85923e-01
1.00842e+00 1.78200e+02 2.51328e-06 5.37738e-04 3.70400e-07 1.00000e-02 8.42394e-05 4.88979e-13 3.18579e-03 7.45813e-07 4.33850e-20 1.81466e-15 1.03249e-11 1.30814e-19 9.86189e-01
1.36049e+00 1.78200e+02 2.33786e-06 6.88161e-04 4.46456e-07 1.00000e-02 5.41901e-05 2.05216e-13 2.81393e-03 3.13336e-07 4.61919e-20 9.95819e-16 1.19574e-11 2.58669e-19 9.86441e-01
1.83548e+00 1.78200e+02 1.88672e-06 8.39978e-04 5.21888e-07 1.00000e-02 3.34730e-05 2.20762e-13 2.46717e-03 5.63014e-08 5.28659e-20 1.08802e-15 1.05746e-11 5.51293e-19 9.86657e-01
2.47629e+00 1.78200e+02 1.40588e-06 9.82359e-04 5.93084e-07 1.00000e-02 2.16825e-05 3.57887e-13 2.15787e-03 5.83855e-09 6.90311e-20 1.54992e-15 8.53568e-12 1.13741e-18 9.86836e-01
3.34084e+00 1.78200e+02 9.92661e-07 1.11312e-03 6.59207e-07 1.00000e-02 1.53233e-05 6.42661e-13 1.88325e-03 2.13406e-09 9.07147e-20 2.14358e-15 6.98460e-12 2.10463e-18 9.86987e-01
4.50722e+00 1.78200e+02 6.71736e-07 1.23036e-03 7.19145e-07 1.00000e-02 1.21528e-05 1.27068e-12 1.64273e-03 1.81161e-09 1.19120e-19 2.79894e-15 6.09304e-12 3.41803e-18 9.87113e-01
6.08082e+00 1.78200e+02 4.38892e-07 1.33195e-03 7.72206e-07 1.00000e-02 1.07222e-05 2.72463e-12 1.43507e-03 1.60159e-09 1.55014e-19 3.45975e-15 5.70113e-12 4.92429e-18 9.87221e-01
8.20381e+00 1.78200e+02 2.79520e-07 1.41797e-03 8.18255e-07 1.00000e-02 1.01493e-05 6.16185e-12 1.26033e-03 1.35457e-09 1.95231e-19 4.08338e-15 5.60807e-12 6.50832e-18 9.87310e-01
1.10680e+01 1.78200e+02 1.73434e-07 1.49208e-03 8.58724e-07 1.00000e-02 9.82326e-06 1.37953e-11 1.11085e-03 1.07411e-09 2.32785e-19 4.56491e-15 5.75742e-12 8.21379e-18 9.87386e-01
1.49322e+01 1.78200e+02 1.06268e-07 1.55678e-03 8.95022e-07 1.00000e-02 9.41456e-06 2.84841e-11 9.80524e-04 8.05360e-10 2.62233e-19 4.69300e-15 6.20343e-12 1.02115e-17 9.87452e-01
2.01454e+01 1.78200e+02 6.71260e-08 1.61254e-03 9.27624e-07 1.00000e-02 8.77247e-06 5.02118e-11 8.66598e-04 5.92144e-10 2.90203e-19 4.40998e-15 6.92349e-12 1.27830e-17 9.87511e-01
2.71787e+01 1.78200e+02 4.61300e-08 1.66182e-03 9.57675e-07 1.00000e-02 7.87693e-06 7.39587e-11 7.65894e-04 4.49930e-10 3.25667e-19 3.90369e-15 7.77588e-12 1.63885e-17 9.87563e-01
3.66676e+01 1.78200e+02 3.59010e-08 1.70517e-03 9.85318e-07 1.00000e-02 6.80453e-06 9.35512e-11 6.76983e-04 3.74346e-10 3.83453e-19 3.41549e-15 8.71228e-12 2.16376e-17 9.87610e-01
4.94693e+01 1.78200e+02 3.16349e-08 1.74336e-03 1.01208e-06 1.00000e-02 5.62435e-06 1.05676e-10 5.97094e-04 3.50428e-10 4.70238e-19 2.99685e-15 9.74550e-12 2.95638e-17 9.87653e-01
6.67404e+01 1.78200e+02 3.05600e-08 1.77708e-03 1.03705e-06 1.00000e-02 4.44727e-06 1.08995e-10 5.27145e-04 3.55125e-10 5.95154e-19 2.67534e-15 1.08227e-11 4.18500e-17 9.87690e-01
9.00414e+01 1.78200e+02 3.07562e-08 1.80715e-03 1.06091e-06 1.00000e-02 3.35166e-06 1.04775e-10 4.65380e-04 3.64229e-10 7.50389e-19 2.42526e-15 1.19582e-11 6.17913e-17 9.87723e-01
1.21477e+02 1.78200e+02 3.10148e-08 1.83333e-03 1.08533e-06 1.00000e-02 2.40242e-06 9.59024e-11 4.10981e-04 3.65729e-10 9.30401e-19 2.23473e-15 1.31804e-11 9.46127e-17 9.87752e-01
1.63889e+02 1.78200e+02 3.06808e-08 1.85697e-03 1.10997e-06 1.00000e-02 1.63547e-06 8.48756e-11 3.62651e-04 3.56073e-10 1.12306e-18 2.08871e-15 1.45798e-11 1.49282e-16 9.87778e-01
2.21107e+02 1.78200e+02 2.95500e-08 1.87673e-03 1.13564e-06 1.00000e-02 1.07188e-06 7.36940e-11 3.20660e-04 3.36323e-10 1.33686e-18 2.00677e-15 1.61277e-11 2.39983e-16 9.87800e-01
2.98302e+02 1.78200e+02 2.77668e-08 1.89490e-03 1.16144e-06 1.00000e-02 6.92707e-07 6.32949e-11 2.85086e-04 3.09565e-10 1.59707e-18 2.01159e-15 1.77416e-11 3.90191e-16 9.87818e-01
4.02447e+02 1.78200e+02 2.56788e-08 1.90963e-03 1.18827e-06 1.00000e-02 4.42897e-07 5.35259e-11 2.54167e-04 2.79282e-10 1.94947e-18 2.12286e-15 1.94586e-11 6.44428e-16 9.87835e-01
5.42953e+02 1.78200e+02 2.39125e-08 1.92255e-03 1.21573e-06 1.00000e-02 2.79833e-07 4.40703e-11 2.27596e-04 2.47859e-10 2.47901e-18 2.39361e-15 2.13903e-11 1.09155e-15 9.87848e-01
7.32514e+02 1.78902e+02 2.46052e-08 1.93441e-03 1.24552e-06 1.00000e-02 1.61970e-07 3.31025e-11 2.04235e-04 2.26687e-10 3.20664e-18 2.89488e-15 2.41057e-11 2.37147e-15 9.87860e-01
9.88255e+02 1.91311e+02 2.98637e-08 1.94565e-03 1.28081e-06 1.00000e-02 6.12185e-08 1.04103e-11 1.81452e-04 4.20403e-10 2.88978e-18 3.12098e-15 2.79471e-11 1.39191e-14 9.87872e-01
1.33328e+03 1.95879e+02 3.08770e-08 1.95689e-03 1.33157e-06 1.00000e-02 1.95930e-08 3.57272e-12 1.58471e-04 4.89372e-10 3.66242e-18 4.40629e-15 3.77318e-11 7.42857e-14 9.87883e-01
1.79877e+03 1.97143e+02 2.92853e-08 1.96785e-03 1.40154e-06 1.00000e-02 6.71615e-09 1.38244e-12 1.36066e-04 4.55306e-10 6.85439e-18 8.11990e-15 6.11644e-11 3.84530e-13 9.87895e-01
2.42677e+03 1.95300e+02 2.68013e-08 1.97767e-03 1.48951e-06 1.00000e-02 2.52887e-09 6.60993e-13 1.15330e-04 3.52751e-10 1.98516e-17 2.12432e-14 1.19529e-10 1.81990e-12 9.87905e-01
3.27403e+03 1.93566e+02 2.58785e-08 1.98668e-03 1.58513e-06 1.00000e-02 2.71857e-10 8.58311e-14 9.75388e-05 2.75794e-10 7.89029e-17 7.99795e-14 2.36912e-10 3.64496e-11 9.87914e-01
4.41709e+03 1.94589e+02 2.91059e-08 1.99284e-03 1.67320e-06 1.00000e-02 2.25639e-11 5.46459e-15 8.40822e-05 2.47764e-10 3.05506e-16 2.95365e-13 3.24157e-10 2.72918e-10 9.87921e-01
5.95922e+03 1.97637e+02 3.26624e-08 1.99737e-03 1.73862e-06 1.00000e-02 9.94448e-12 1.68387e-15 7.56405e-05 2.48162e-10 6.53963e-16 6.50634e-13 4.50278e-10 6.57411e-10 9.87925e-01
8.03975e+03 2.01769e+02 3.17037e-08 1.99900e-03 1.77290e-06 1.00000e-02 5.56685e-12 7.04381e-16 7.17822e-05 2.58859e-10 6.96522e-16 7.92001e-13 4.73967e-10 1.10661e-09 9.87927e-01
1.08467e+04 2.07588e+02 2.84107e-08 2.00000e-03 1.78266e-06 1.00000e-02 2.76263e-12 2.66757e-16 7.08341e-05 2.80343e-10 4.23395e-16 6.12136e-13 3.47695e-10 1.44251e-09 9.87927e-01
1.46335e+04 2.13476e+02 2.75245e-08 2.00000e-03 1.78600e-06 1.00000e-02 1.26608e-12 9.59680e-17 7.05975e-05 2.77577e-10 2.23942e-16 4.03564e-13 2.33297e-10 1.63057e-09 9.87928e-01
1.97425e+04 2.17802e+02 3.21751e-08 2.00000e-03 1.78800e-06 1.00000e-02 5.92777e-13 3.74252e-17 7.04265e-05 2.32303e-10 1.16538e-16 2.74073e-13 1.42334e-10 1.72167e-09 9.87928e-01
2.66352e+04 2.15898e+02 5.78225e-06 2.00000e-03 1.78925e-06 1.00000e-02 2.46974e-13 1.48605e-17 7.02924e-05 2.24772e-10 1.47902e-16 1.69206e-13 8.70732e-11 1.63975e-09 9.87922e-01
3.59343e+04 2.44198e+02 7.08214e-04 2.00000e-03 1.79100e-06 1.00000e-02 1.67447e-13 1.11725e-18 7.01832e-05 1.11428e-09 2.70459e-15 2.46185e-14 4.06894e-11 1.30525e-09 9.87220e-01
4.84800e+04 2.72100e+02 8.83800e-03 2.00000e-03 1.79100e-06 1.00000e-02 1.00000e-08 4.94100e-14 7.01000e-05 2.91000e-09 3.96000e-14 5.01000e-12 1.89400e-10 7.00800e-10 9.79090e-01
