#   Press      Temp       H2O(1)      CH4(6)     C2H6(27)     CO2(2)       O2(7)       O3(3)       CO(5)     H2CO(20)    HNO3(12)     NO2(10)     SO2(9)      OCS(19)     N2(22)    
8.39300e-03 1.78200e+02 4.66400e-08 2.03700e-05 4.74300e-07 1.00000e-02 3.46700e-05 5.94400e-14 6.46100e-03 5.05100e-07 3.29400e-26 6.92900e-17 1.64600e-13 2.15500e-19 9.83483e-01
1.10585e-02 1.78200e+02 5.20544e-08 2.26525e-05 5.13488e-07 1.00000e-02 3.48744e-05 7.25209e-14 6.21296e-03 5.34826e-07 5.58858e-26 7.98017e-17 2.13942e-13 2.45260e-19 9.83728e-01
1.45706e-02 1.78200e+02 6.49065e-08 2.80491e-05 6.04566e-07 1.00000e-02 3.52381e-05 8.70204e-14 5.96091e-03 6.09622e-07 1.27190e-25 9.64490e-17 3.20024e-13 3.11858e-19 9.83975e-01
1.91980e-02 1.78200e+02 8.54805e-08 3.66838e-05 7.45592e-07 1.00000e-02 3.55244e-05 1.01717e-13 5.70665e-03 7.24093e-07 3.17398e-25 1.20889e-16 4.95292e-13 4.15319e-19 9.84220e-01
2.52951e-02 1.78200e+02 1.15147e-07 4.91080e-05 9.40553e-07 1.00000e-02 3.54725e-05 1.14810e-13 5.44948e-03 8.83418e-07 8.34347e-25 1.55109e-16 7.78441e-13 5.65498e-19 9.84464e-01
3.33285e-02 1.78200e+02 1.56318e-07 6.63343e-05 1.19790e-06 1.00000e-02 3.48102e-05 1.23468e-13 5.18843e-03 1.10729e-06 2.27054e-24 2.02719e-16 1.24287e-12 7.84171e-19 9.84708e-01
4.39132e-02 1.78200e+02 2.12211e-07 8.98496e-05 1.53074e-06 1.00000e-02 3.32000e-05 1.24542e-13 4.92226e-03 1.43769e-06 6.29249e-24 2.69463e-16 2.02995e-12 1.11205e-18 9.84952e-01
5.78595e-02 1.78200e+02 2.86744e-07 1.21714e-04 1.95582e-06 1.00000e-02 3.03210e-05 1.14850e-13 4.65006e-03 1.96790e-06 1.73748e-23 3.64434e-16 3.41413e-12 1.62328e-18 9.85194e-01
7.62350e-02 1.78200e+02 3.83505e-07 1.64638e-04 2.49229e-06 1.00000e-02 2.58865e-05 9.27741e-14 4.36934e-03 2.89452e-06 4.59017e-23 4.97194e-16 5.86949e-12 2.46629e-18 9.85434e-01
1.00446e-01 1.78200e+02 5.01709e-07 2.22625e-04 3.16109e-06 1.00000e-02 1.97726e-05 6.06052e-14 4.07424e-03 4.57177e-06 1.06866e-22 6.47562e-16 9.90136e-12 3.95443e-18 9.85675e-01
1.32347e-01 1.78200e+02 6.22832e-07 3.01264e-04 3.98302e-06 1.00000e-02 1.23948e-05 2.70575e-14 3.76006e-03 7.36601e-06 1.83150e-22 6.70648e-16 1.47903e-11 6.80039e-18 9.85914e-01
1.74379e-01 1.78200e+02 6.79281e-07 4.08112e-04 4.97719e-06 1.00000e-02 5.35217e-06 5.62198e-15 3.41964e-03 1.04703e-05 1.58530e-22 3.40185e-16 1.56147e-11 1.25059e-17 9.86151e-01
2.29759e-01 1.78200e+02 5.95219e-07 5.49398e-04 6.13793e-06 1.00000e-02 1.19287e-06 2.99561e-16 3.05245e-03 9.98098e-06 5.05825e-23 4.05112e-17 8.20286e-12 2.29444e-17 9.86380e-01
3.02728e-01 1.78200e+02 4.68794e-07 7.23007e-04 7.40483e-06 1.00000e-02 1.42390e-07 7.74475e-18 2.68536e-03 7.14647e-06 1.11644e-23 3.22182e-18 2.99467e-12 3.66071e-17 9.86576e-01
3.98871e-01 1.78200e+02 3.74727e-07 9.15711e-04 8.51541e-06 1.00000e-02 2.80304e-07 9.72940e-18 2.34761e-03 4.87563e-06 4.47783e-24 1.04033e-18 2.31612e-12 4.77740e-17 9.86723e-01
5.25547e-01 1.78200e+02 3.11664e-07 1.10476e-03 9.14302e-06 1.00000e-02 8.49082e-07 3.82115e-17 2.05370e-03 3.17308e-06 9.38750e-24 9.85175e-19 3.51352e-12 5.29824e-17 9.86828e-01
6.92455e-01 1.78200e+02 2.69502e-07 1.27034e-03 9.40045e-06 1.00000e-02 1.53177e-06 1.93523e-16 1.80726e-03 2.02612e-06 3.45575e-23 2.65324e-18 5.78020e-12 5.43594e-17 9.86909e-01
9.12370e-01 1.78200e+02 2.40224e-07 1.40444e-03 9.56263e-06 1.00000e-02 2.16118e-06 1.86890e-15 1.60611e-03 1.23192e-06 1.29935e-22 1.91374e-17 9.24000e-12 5.55183e-17 9.86976e-01
1.20213e+00 1.78200e+02 2.18449e-07 1.50776e-03 9.70267e-06 1.00000e-02 2.70470e-06 1.09352e-14 1.44438e-03 6.44985e-07 4.36716e-22 8.74876e-17 1.29856e-11 5.83548e-17 9.87035e-01
1.58391e+00 1.78200e+02 2.02888e-07 1.58656e-03 9.81960e-06 1.00000e-02 3.14987e-06 3.47013e-14 1.31589e-03 3.57387e-07 1.24564e-21 2.14095e-16 1.67689e-11 6.33307e-17 9.87084e-01
2.08694e+00 1.78200e+02 1.92508e-07 1.64728e-03 9.91343e-06 1.00000e-02 3.49503e-06 8.16048e-14 1.21454e-03 2.33436e-07 3.19261e-21 4.05088e-16 2.15933e-11 7.04618e-17 9.87124e-01
2.74973e+00 1.78200e+02 1.85848e-07 1.69387e-03 9.98863e-06 1.00000e-02 3.74549e-06 1.65066e-13 1.13384e-03 1.58860e-07 7.52340e-21 6.87808e-16 2.78668e-11 7.95244e-17 9.87158e-01
3.62301e+00 1.78200e+02 1.80740e-07 1.73145e-03 1.00508e-05 1.00000e-02 3.92289e-06 3.07981e-13 1.06617e-03 1.04070e-07 1.68524e-20 1.09712e-15 3.58787e-11 9.09094e-17 9.87188e-01
4.77363e+00 1.78200e+02 1.75307e-07 1.76701e-03 1.01109e-05 1.00000e-02 4.04084e-06 5.57606e-13 1.00047e-03 6.13801e-08 3.68694e-20 1.67673e-15 4.59275e-11 1.06168e-16 9.87218e-01
6.28968e+00 1.78200e+02 1.68406e-07 1.80009e-03 1.01711e-05 1.00000e-02 4.08400e-06 9.75523e-13 9.37654e-04 3.25223e-08 7.61027e-20 2.41466e-15 5.73795e-11 1.26672e-16 9.87248e-01
8.28721e+00 1.78200e+02 1.58773e-07 1.83160e-03 1.02312e-05 1.00000e-02 4.03877e-06 1.64806e-12 8.77172e-04 1.59244e-08 1.44018e-19 3.23962e-15 6.89245e-11 1.54590e-16 9.87277e-01
1.09191e+01 1.78200e+02 1.45576e-07 1.86108e-03 1.02913e-05 1.00000e-02 3.90950e-06 2.72928e-12 8.19382e-04 7.62596e-09 2.44105e-19 4.07031e-15 7.88378e-11 1.93115e-16 9.87305e-01
1.43869e+01 1.78200e+02 1.28748e-07 1.88909e-03 1.03513e-05 1.00000e-02 3.72309e-06 4.58576e-12 7.64528e-04 3.82139e-09 3.67174e-19 4.90526e-15 8.63505e-11 2.45517e-16 9.87332e-01
1.89560e+01 1.78200e+02 1.09852e-07 1.91556e-03 1.04114e-05 1.00000e-02 3.51296e-06 8.06057e-12 7.12996e-04 2.10114e-09 4.95210e-19 5.79356e-15 9.30607e-11 3.14762e-16 9.87357e-01
2.49762e+01 1.78200e+02 9.14453e-08 1.93955e-03 1.04714e-05 1.00000e-02 3.28552e-06 1.45348e-11 6.65359e-04 1.30053e-09 6.12949e-19 6.61319e-15 1.02360e-10 4.02947e-16 9.87381e-01
3.29084e+01 1.78200e+02 7.61557e-08 1.96197e-03 1.05314e-05 1.00000e-02 3.02051e-06 2.47521e-11 6.22124e-04 9.26873e-10 7.23667e-19 7.00716e-15 1.16565e-10 5.15992e-16 9.87402e-01
4.33597e+01 1.78200e+02 6.51902e-08 1.98139e-03 1.05857e-05 1.00000e-02 2.70452e-06 3.65522e-11 5.83557e-04 7.68115e-10 8.52813e-19 6.81452e-15 1.33737e-10 6.69817e-16 9.87422e-01
5.71302e+01 1.78200e+02 5.82352e-08 1.99781e-03 1.06412e-05 1.00000e-02 2.34171e-06 4.61039e-11 5.49806e-04 7.09913e-10 1.02449e-18 6.31040e-15 1.50575e-10 8.95918e-16 9.87439e-01
7.52740e+01 1.78200e+02 5.41066e-08 2.01278e-03 1.06956e-05 1.00000e-02 1.95576e-06 5.18857e-11 5.20544e-04 6.85466e-10 1.23723e-18 5.80343e-15 1.65667e-10 1.24501e-15 9.87454e-01
9.91802e+01 1.78200e+02 5.15875e-08 2.02519e-03 1.07510e-05 1.00000e-02 1.57298e-06 5.44236e-11 4.94918e-04 6.61441e-10 1.46973e-18 5.39572e-15 1.79620e-10 1.80053e-15 9.87468e-01
1.30679e+02 1.78200e+02 4.99017e-08 2.03662e-03 1.08108e-05 1.00000e-02 1.21753e-06 5.43132e-11 4.72367e-04 6.26712e-10 1.70003e-18 5.08549e-15 1.93329e-10 2.70308e-15 9.87479e-01
1.72181e+02 1.78200e+02 4.88121e-08 2.04659e-03 1.08606e-05 1.00000e-02 9.06356e-07 5.18941e-11 4.52405e-04 5.80724e-10 1.90889e-18 4.85428e-15 2.07093e-10 4.20777e-15 9.87489e-01
2.26863e+02 1.78200e+02 4.86132e-08 2.05556e-03 1.09204e-05 1.00000e-02 6.46878e-07 4.74044e-11 4.34689e-04 5.26428e-10 2.07651e-18 4.67305e-15 2.21043e-10 6.82757e-15 9.87498e-01
2.98912e+02 1.78200e+02 5.02629e-08 2.06302e-03 1.09902e-05 1.00000e-02 4.41082e-07 4.11016e-11 4.18962e-04 4.68549e-10 2.19320e-18 4.53214e-15 2.35188e-10 1.17477e-14 9.87507e-01
3.93843e+02 1.78200e+02 5.56693e-08 2.06999e-03 1.10499e-05 1.00000e-02 2.81961e-07 3.31167e-11 4.04776e-04 4.10659e-10 2.23499e-18 4.39177e-15 2.49871e-10 2.35127e-14 9.87514e-01
5.18923e+02 1.78200e+02 6.81147e-08 2.07648e-03 1.11196e-05 1.00000e-02 1.65020e-07 2.38564e-11 3.92329e-04 3.54527e-10 2.20105e-18 4.24806e-15 2.65142e-10 7.93446e-14 9.87520e-01
6.83726e+02 1.78200e+02 9.37776e-08 2.08193e-03 1.11893e-05 1.00000e-02 8.14125e-08 1.40644e-11 3.81181e-04 2.96229e-10 2.07450e-18 4.06208e-15 2.82545e-10 7.96418e-13 9.87526e-01
9.00870e+02 1.92732e+02 1.69926e-07 2.08692e-03 1.12538e-05 1.00000e-02 2.12030e-08 2.51072e-12 3.71240e-04 6.61792e-10 1.11964e-18 2.77416e-15 2.55063e-10 1.76930e-11 9.87530e-01
1.18698e+03 2.52273e+02 4.03819e-07 2.09438e-03 1.14014e-05 1.00000e-02 1.24526e-11 5.02100e-17 3.56985e-04 3.54292e-09 2.42138e-20 1.56984e-16 8.29677e-12 3.23859e-10 9.87537e-01
1.56394e+03 2.80158e+02 9.09257e-07 2.10395e-03 1.17221e-05 1.00000e-02 1.81959e-13 1.66386e-19 3.36938e-04 2.87792e-09 2.72080e-21 2.15633e-17 9.88009e-13 4.58172e-10 9.87546e-01
2.06063e+03 2.89175e+02 1.73320e-06 2.11531e-03 1.20906e-05 1.00000e-02 5.46798e-14 3.48876e-20 3.13956e-04 1.93099e-09 1.61744e-21 1.28026e-17 5.09561e-13 5.53864e-10 9.87557e-01
2.71507e+03 2.87314e+02 2.66649e-06 2.12752e-03 1.23478e-05 1.00000e-02 2.25095e-14 1.82801e-20 2.90426e-04 1.45811e-09 3.59655e-21 3.08590e-17 5.15590e-13 6.37063e-10 9.87567e-01
3.57734e+03 2.79609e+02 3.34509e-06 2.13898e-03 1.24399e-05 1.00000e-02 1.38631e-14 1.88053e-20 2.66941e-04 1.25037e-09 1.94426e-20 1.56538e-16 7.95682e-13 7.11173e-10 9.87578e-01
4.71346e+03 2.77812e+02 3.64694e-06 2.15188e-03 1.24174e-05 1.00000e-02 7.71128e-15 1.25699e-20 2.42811e-04 1.02702e-09 9.34643e-20 6.80593e-16 7.88797e-13 7.84941e-10 9.87589e-01
6.21040e+03 2.75188e+02 3.55977e-06 2.16571e-03 1.22482e-05 1.00000e-02 5.30112e-15 1.06729e-20 2.17059e-04 8.56354e-10 4.25836e-19 2.82155e-15 8.03405e-13 8.58394e-10 9.87601e-01
8.18275e+03 2.68608e+02 3.08816e-06 2.17931e-03 1.19562e-05 1.00000e-02 7.41586e-15 2.26943e-20 1.91446e-04 7.38101e-10 1.89689e-18 1.14283e-14 1.11645e-12 9.26669e-10 9.87614e-01
1.07815e+04 2.56068e+02 2.45396e-06 2.19026e-03 1.16523e-05 1.00000e-02 2.45530e-14 1.54788e-19 1.70810e-04 6.40251e-10 7.45203e-18 4.24164e-14 2.45516e-12 9.78279e-10 9.87625e-01
1.42056e+04 2.50235e+02 1.95910e-06 2.19633e-03 1.14500e-05 1.00000e-02 3.92111e-14 3.43556e-19 1.58236e-04 4.85376e-10 1.32989e-17 8.03239e-14 2.79271e-12 1.01733e-09 9.87632e-01
1.87171e+04 2.45953e+02 1.73228e-06 2.19900e-03 1.13655e-05 1.00000e-02 4.03442e-14 4.29497e-19 1.53277e-04 3.40810e-10 1.45837e-17 1.03729e-13 2.36056e-12 1.04079e-09 9.87635e-01
2.46614e+04 2.42005e+02 1.57212e-06 2.20000e-03 1.13500e-05 1.00000e-02 3.51016e-14 4.25540e-19 1.52300e-04 2.20422e-10 1.16250e-17 1.08458e-13 2.16682e-12 1.05249e-09 9.87635e-01
3.24936e+04 2.38270e+02 7.89925e-07 2.20000e-03 1.13452e-05 1.00000e-02 2.59003e-14 3.34416e-19 1.52052e-04 1.36156e-10 7.58119e-18 9.50449e-14 4.33628e-12 1.04218e-09 9.87636e-01
4.28131e+04 2.35699e+02 3.00102e-07 2.20000e-03 1.13400e-05 1.00000e-02 1.81592e-14 2.21866e-19 1.51860e-04 8.32612e-11 1.06134e-17 6.65193e-14 6.29003e-12 9.77278e-10 9.87636e-01
5.64100e+04 2.33696e+02 1.99932e-07 2.20000e-03 1.13400e-05 1.00000e-02 1.28834e-14 1.39822e-19 1.51700e-04 9.95750e-11 1.86235e-16 3.12641e-14 1.08367e-11 8.30279e-10 9.87637e-01
7.43252e+04 2.29278e+02 9.58139e-08 2.20000e-03 1.13400e-05 1.00000e-02 2.44259e-11 7.53425e-16 1.51600e-04 3.61796e-10 3.19563e-15 8.68086e-13 6.93433e-11 5.59236e-10 9.87637e-01
9.79300e+04 2.47500e+02 4.68900e-04 2.20000e-03 1.13400e-05 1.00000e-02 1.00000e-08 1.98800e-13 1.51500e-04 4.11500e-10 1.07300e-14 4.70400e-12 1.03600e-10 3.50300e-10 9.87168e-01
