#   Press      Temp       H2O(1)      CH4(6)     C2H6(27)     CO2(2)       O2(7)       O3(3)       CO(5)     H2CO(20)    HNO3(12)     NO2(10)     SO2(9)      OCS(19)     N2(22)    
2.45100e-03 1.78200e+02 5.49400e-09 2.78700e-06 8.62700e-09 1.00000e-02 2.78100e-05 1.59300e-14 8.09500e-03 6.27300e-08 5.92200e-28 2.15700e-17 1.42600e-15 4.14100e-21 9.81874e-01
3.29770e-03 1.78200e+02 6.23753e-09 3.14305e-06 9.43712e-09 1.00000e-02 2.83529e-05 2.22847e-14 7.83090e-03 6.79814e-08 8.46276e-28 2.34389e-17 1.87543e-15 4.80264e-21 9.82138e-01
4.43690e-03 1.78200e+02 8.01808e-09 3.99358e-06 1.13301e-08 1.00000e-02 2.95472e-05 3.12162e-14 7.56630e-03 8.10330e-08 1.46057e-27 2.57322e-17 2.87121e-15 6.24680e-21 9.82400e-01
5.96963e-03 1.78200e+02 1.09205e-08 5.37048e-06 1.42905e-08 1.00000e-02 3.12632e-05 4.33959e-14 7.30132e-03 1.01188e-07 2.72745e-27 2.89164e-17 4.57207e-15 8.36213e-21 9.82662e-01
8.03184e-03 1.78200e+02 1.52234e-08 7.39280e-06 1.84452e-08 1.00000e-02 3.33985e-05 5.96623e-14 7.03647e-03 1.28263e-07 5.47833e-27 3.33341e-17 7.40160e-15 1.11263e-20 9.82923e-01
1.08065e-02 1.78200e+02 2.14176e-08 1.02694e-05 2.40529e-08 1.00000e-02 3.58412e-05 8.08290e-14 6.77156e-03 1.62685e-07 1.19287e-26 3.95343e-17 1.20772e-14 1.45254e-20 9.83182e-01
1.45396e-02 1.78200e+02 3.01905e-08 1.43059e-05 3.14756e-08 1.00000e-02 3.85193e-05 1.07587e-13 6.50742e-03 2.05359e-07 2.78860e-26 4.82587e-17 1.96718e-14 1.85672e-20 9.83439e-01
1.95623e-02 1.78200e+02 4.25379e-08 1.99195e-05 4.12354e-08 1.00000e-02 4.13204e-05 1.40306e-13 6.24207e-03 2.57993e-07 6.95290e-26 6.05779e-17 3.18200e-14 2.32821e-20 9.83696e-01
2.63201e-02 1.78200e+02 5.99063e-08 2.77398e-05 5.40006e-08 1.00000e-02 4.40926e-05 1.78634e-13 5.97674e-03 3.23186e-07 1.84873e-25 7.80354e-17 5.10518e-14 2.87267e-20 9.83951e-01
3.54124e-02 1.78200e+02 8.41607e-08 3.85467e-05 7.06268e-08 1.00000e-02 4.66425e-05 2.20850e-13 5.71110e-03 4.04656e-07 5.18583e-25 1.02718e-16 8.10689e-14 3.50394e-20 9.84203e-01
4.76456e-02 1.78200e+02 1.17828e-07 5.34485e-05 9.21694e-08 1.00000e-02 4.87081e-05 2.63724e-13 5.44262e-03 5.08685e-07 1.50242e-24 1.37538e-16 1.27409e-13 4.25138e-20 9.84455e-01
6.41049e-02 1.78200e+02 1.64260e-07 7.39039e-05 1.19960e-07 1.00000e-02 4.99785e-05 3.01815e-13 5.17219e-03 6.46352e-07 4.44881e-24 1.87002e-16 1.99159e-13 5.16789e-20 9.84703e-01
8.62500e-02 1.78200e+02 2.27550e-07 1.01854e-04 1.55456e-07 1.00000e-02 5.00658e-05 3.27139e-13 4.89983e-03 8.38780e-07 1.34269e-23 2.57975e-16 3.11920e-13 6.34565e-20 9.84947e-01
1.16045e-01 1.78200e+02 3.12179e-07 1.39541e-04 2.00298e-07 1.00000e-02 4.85589e-05 3.30577e-13 4.62249e-03 1.12734e-06 4.03560e-23 3.60741e-16 4.94546e-13 7.95394e-20 9.85188e-01
1.56133e-01 1.78200e+02 4.22317e-07 1.90126e-04 2.56077e-07 1.00000e-02 4.51243e-05 3.04019e-13 4.34087e-03 1.58863e-06 1.15328e-22 5.05361e-16 7.97508e-13 1.03120e-19 9.85422e-01
2.10069e-01 1.78200e+02 5.58323e-07 2.57051e-04 3.23811e-07 1.00000e-02 3.95663e-05 2.44165e-13 4.05085e-03 2.32693e-06 2.95647e-22 6.78218e-16 1.29418e-12 1.40624e-19 9.85649e-01
2.82638e-01 1.78200e+02 7.08793e-07 3.43849e-04 4.03088e-07 1.00000e-02 3.21723e-05 1.59900e-13 3.75342e-03 3.34748e-06 6.06543e-22 7.69832e-16 2.02164e-12 2.04513e-19 9.85866e-01
3.80276e-01 1.78200e+02 8.36634e-07 4.52566e-04 4.91299e-07 1.00000e-02 2.42825e-05 7.77482e-14 3.45088e-03 4.18983e-06 8.30747e-22 5.90189e-16 2.81495e-12 3.15424e-19 9.86067e-01
5.11643e-01 1.78200e+02 8.88693e-07 5.79833e-04 5.82959e-07 1.00000e-02 1.79912e-05 2.65193e-14 3.14988e-03 3.85349e-06 7.23591e-22 2.52667e-16 3.30551e-12 4.92848e-19 9.86247e-01
6.88390e-01 1.78200e+02 8.58615e-07 7.13162e-04 6.69798e-07 1.00000e-02 1.44278e-05 1.12083e-14 2.87023e-03 2.40748e-06 7.52656e-22 1.08577e-16 3.52061e-12 7.30611e-19 9.86398e-01
9.26196e-01 1.78200e+02 7.90434e-07 8.36289e-04 7.44517e-07 1.00000e-02 1.29170e-05 2.21373e-14 2.62837e-03 1.14547e-06 1.58452e-21 1.82058e-16 3.73051e-12 9.96197e-19 9.86520e-01
1.24615e+00 1.78200e+02 7.09818e-07 9.54266e-04 8.14290e-07 1.00000e-02 1.23116e-05 7.25381e-14 2.39858e-03 3.24689e-07 4.00242e-21 4.54557e-16 3.88938e-12 1.30395e-18 9.86633e-01
1.67664e+00 1.78200e+02 6.37082e-07 1.06703e-03 8.81050e-07 1.00000e-02 1.19584e-05 1.73717e-13 2.17494e-03 5.69416e-08 9.33865e-21 8.29849e-16 4.31426e-12 1.68232e-18 9.86744e-01
2.25583e+00 1.78200e+02 5.75789e-07 1.17348e-03 9.44207e-07 1.00000e-02 1.14967e-05 3.25717e-13 1.96125e-03 1.25418e-08 2.00779e-20 1.21815e-15 5.12353e-12 2.19011e-18 9.86852e-01
3.03511e+00 1.78200e+02 5.16929e-07 1.27404e-03 1.00363e-06 1.00000e-02 1.06785e-05 5.29306e-13 1.75688e-03 4.98444e-09 3.88844e-20 1.55409e-15 6.03976e-12 2.94367e-18 9.86957e-01
4.08359e+00 1.78200e+02 4.51101e-07 1.36828e-03 1.06042e-06 1.00000e-02 9.53341e-06 8.07470e-13 1.56492e-03 2.85607e-09 6.65156e-20 1.82658e-15 6.72923e-12 4.10880e-18 9.87056e-01
5.49428e+00 1.78200e+02 3.74809e-07 1.45611e-03 1.11477e-06 1.00000e-02 8.34138e-06 1.27120e-12 1.38526e-03 2.08120e-09 1.02328e-19 2.12446e-15 7.03694e-12 5.82853e-18 9.87149e-01
7.39228e+00 1.78200e+02 2.92354e-07 1.53720e-03 1.16475e-06 1.00000e-02 7.41559e-06 2.23497e-12 1.21988e-03 1.68032e-09 1.47293e-19 2.55895e-15 7.05010e-12 8.12726e-18 9.87234e-01
9.94595e+00 1.78200e+02 2.13274e-07 1.60990e-03 1.21130e-06 1.00000e-02 6.86657e-06 4.47265e-12 1.07221e-03 1.35007e-09 2.01807e-19 3.18231e-15 6.99735e-12 1.08459e-17 9.87310e-01
1.33818e+01 1.78200e+02 1.47515e-07 1.67300e-03 1.25300e-06 1.00000e-02 6.57266e-06 9.73359e-12 9.44530e-04 1.03127e-09 2.60835e-19 3.91852e-15 7.13568e-12 1.38018e-17 9.87374e-01
1.80046e+01 1.78200e+02 9.93519e-08 1.72784e-03 1.28929e-06 1.00000e-02 6.31716e-06 2.06805e-11 8.34366e-04 7.51206e-10 3.18635e-19 4.50753e-15 7.68424e-12 1.70647e-17 9.87430e-01
2.42243e+01 1.78200e+02 6.80779e-08 1.77455e-03 1.32211e-06 1.00000e-02 5.95612e-06 3.83994e-11 7.39958e-04 5.46516e-10 3.79043e-19 4.68911e-15 8.66047e-12 2.09810e-17 9.87478e-01
3.25925e+01 1.78200e+02 4.94400e-08 1.81503e-03 1.35152e-06 1.00000e-02 5.43770e-06 5.96404e-11 6.57571e-04 4.24878e-10 4.55637e-19 4.49593e-15 9.88052e-12 2.62165e-17 9.87521e-01
4.38517e+01 1.78200e+02 3.96135e-08 1.84963e-03 1.37846e-06 1.00000e-02 4.78306e-06 7.81260e-11 5.85720e-04 3.74696e-10 5.70800e-19 4.15876e-15 1.11629e-11 3.37430e-17 9.87558e-01
5.90003e+01 1.78200e+02 3.51350e-08 1.88140e-03 1.40413e-06 1.00000e-02 4.02730e-06 8.95118e-11 5.22128e-04 3.68386e-10 7.34827e-19 3.81271e-15 1.24112e-11 4.52841e-17 9.87591e-01
7.93820e+01 1.78200e+02 3.35650e-08 1.90783e-03 1.42783e-06 1.00000e-02 3.24609e-06 9.29317e-11 4.66294e-04 3.77642e-10 9.56070e-19 3.53219e-15 1.35973e-11 6.34062e-17 9.87621e-01
1.06805e+02 1.78200e+02 3.31416e-08 1.93184e-03 1.45184e-06 1.00000e-02 2.48541e-06 8.98119e-11 4.16270e-04 3.82638e-10 1.21644e-18 3.29638e-15 1.47757e-11 9.29821e-17 9.87648e-01
1.43700e+02 1.78200e+02 3.27929e-08 1.95348e-03 1.47531e-06 1.00000e-02 1.81175e-06 8.24159e-11 3.72017e-04 3.76483e-10 1.51184e-18 3.12378e-15 1.59965e-11 1.41845e-16 9.87671e-01
1.93342e+02 1.78200e+02 3.18979e-08 1.97261e-03 1.49885e-06 1.00000e-02 1.26531e-06 7.30516e-11 3.33443e-04 3.58279e-10 1.83260e-18 3.01846e-15 1.73445e-11 2.23393e-16 9.87691e-01
2.60132e+02 1.78200e+02 3.02419e-08 1.98863e-03 1.52228e-06 1.00000e-02 8.51583e-07 6.33645e-11 2.99482e-04 3.31079e-10 2.18071e-18 2.98463e-15 1.88493e-11 3.59675e-16 9.87709e-01
3.49995e+02 1.78200e+02 2.78907e-08 2.00365e-03 1.54723e-06 1.00000e-02 5.56723e-07 5.41639e-11 2.69390e-04 2.98743e-10 2.57745e-18 3.03999e-15 2.05158e-11 5.87198e-16 9.87725e-01
4.70901e+02 1.78200e+02 2.50465e-08 2.01695e-03 1.57290e-06 1.00000e-02 3.58897e-07 4.55745e-11 2.43019e-04 2.64780e-10 3.08453e-18 3.22576e-15 2.22931e-11 9.71054e-16 9.87738e-01
6.33575e+02 1.78200e+02 2.17761e-08 2.02784e-03 1.59858e-06 1.00000e-02 2.32494e-07 3.75262e-11 2.20148e-04 2.31246e-10 3.82766e-18 3.60836e-15 2.41593e-11 1.57061e-15 9.87750e-01
8.52444e+02 1.68881e+02 1.93698e-08 2.03707e-03 1.62324e-06 1.00000e-02 1.54138e-07 4.25448e-11 2.02015e-04 1.18354e-10 6.40120e-18 4.94417e-15 2.71588e-11 1.85080e-15 9.87759e-01
1.14692e+03 1.85785e+02 2.36483e-08 2.04463e-03 1.64790e-06 1.00000e-02 6.83280e-08 1.33907e-11 1.85246e-04 2.65537e-10 5.00970e-18 4.89802e-15 2.91766e-11 1.34610e-14 9.87768e-01
1.54313e+03 1.95431e+02 2.67875e-08 2.05329e-03 1.68109e-06 1.00000e-02 1.75437e-08 3.05593e-12 1.68207e-04 4.07161e-10 4.44673e-18 5.69772e-15 3.44948e-11 1.11760e-13 9.87777e-01
2.07620e+03 1.99097e+02 2.62166e-08 2.06139e-03 1.72571e-06 1.00000e-02 3.18298e-09 5.58791e-13 1.51511e-04 4.22248e-10 5.38119e-18 8.18573e-15 4.52488e-11 1.08325e-12 9.87785e-01
2.79343e+03 1.99568e+02 2.49230e-08 2.06954e-03 1.78312e-06 1.00000e-02 4.44325e-10 8.22471e-14 1.35604e-04 3.60576e-10 1.02485e-17 1.59985e-14 5.98022e-11 1.08668e-11 9.87793e-01
3.75842e+03 1.97504e+02 2.47675e-08 2.07665e-03 1.85185e-06 1.00000e-02 7.97519e-11 1.65515e-14 1.20662e-04 2.69273e-10 3.33405e-17 4.89151e-14 7.02365e-11 5.08186e-11 9.87801e-01
5.05678e+03 1.96500e+02 2.78255e-08 2.08371e-03 1.92885e-06 1.00000e-02 2.68586e-11 5.51076e-15 1.06844e-04 2.20230e-10 1.11294e-16 1.57034e-13 8.65618e-11 1.29695e-10 9.87807e-01
6.80365e+03 1.98406e+02 3.50946e-08 2.08938e-03 2.00942e-06 1.00000e-02 1.36868e-11 2.32668e-15 9.45170e-05 2.19025e-10 2.69492e-16 3.88098e-13 1.11423e-10 2.71492e-10 9.87814e-01
9.15398e+03 2.01470e+02 4.22714e-08 2.09397e-03 2.08337e-06 1.00000e-02 8.78649e-12 1.19347e-15 8.44726e-05 2.28054e-10 4.30204e-16 6.70951e-13 1.39555e-10 4.89326e-10 9.87819e-01
1.23162e+04 2.06157e+02 4.07714e-08 2.09760e-03 2.14018e-06 1.00000e-02 5.00556e-12 5.26045e-16 7.77245e-05 2.34737e-10 4.19015e-16 7.75997e-13 1.39312e-10 7.73636e-10 9.87822e-01
1.65709e+04 2.11934e+02 3.08785e-08 2.09900e-03 2.17200e-06 1.00000e-02 2.30200e-12 1.80332e-16 7.43231e-05 2.23362e-10 2.75340e-16 6.62970e-13 9.84738e-11 1.02970e-09 9.87824e-01
2.22953e+04 2.17828e+02 2.49130e-08 2.10000e-03 2.18100e-06 1.00000e-02 9.29374e-13 5.37590e-17 7.34195e-05 1.82666e-10 1.44729e-16 4.98283e-13 4.84166e-11 1.16516e-09 9.87824e-01
2.99973e+04 2.22407e+02 3.82919e-08 2.10000e-03 2.18211e-06 1.00000e-02 3.52544e-13 1.53315e-17 7.32368e-05 1.28834e-10 7.27774e-17 3.47354e-13 2.55900e-11 1.21554e-09 9.87825e-01
4.03599e+04 2.26267e+02 3.15447e-08 2.10000e-03 2.18400e-06 1.00000e-02 1.23647e-13 3.85383e-18 7.31078e-05 8.04059e-11 3.98620e-17 2.11446e-13 1.53412e-11 1.20845e-09 9.87825e-01
5.43022e+04 2.25762e+02 3.03230e-07 2.10000e-03 2.18400e-06 1.00000e-02 3.94048e-14 9.46945e-19 7.30170e-05 9.17696e-11 2.96127e-16 9.74074e-14 1.32242e-11 1.11220e-09 9.87824e-01
7.30610e+04 2.48042e+02 5.17522e-04 2.10000e-03 2.18500e-06 1.00000e-02 1.44966e-13 7.39549e-19 7.29442e-05 6.72265e-10 6.22442e-15 3.30668e-14 2.85713e-11 8.83374e-10 9.87307e-01
9.83000e+04 2.79400e+02 7.50100e-03 2.10000e-03 2.18500e-06 1.00000e-02 1.00000e-08 9.43500e-14 7.28800e-05 2.24600e-09 6.01000e-14 9.56700e-12 1.04500e-10 5.79600e-10 9.80324e-01
