#   Press      Temp       H2O(1)      CH4(6)     C2H6(27)     CO2(2)       O2(7)       O3(3)       CO(5)     H2CO(20)    HNO3(12)     NO2(10)     SO2(9)      OCS(19)     N2(22)    
7.15500e-03 1.78200e+02 6.10700e-07 2.93300e-05 1.90300e-07 1.00000e-02 6.28700e-05 1.42400e-13 6.27500e-03 1.68900e-06 7.16000e-20 1.19000e-16 1.59600e-11 2.62300e-14 9.83630e-01
9.45356e-03 1.78200e+02 6.61073e-07 3.20207e-05 2.03754e-07 1.00000e-02 6.38785e-05 1.69689e-13 6.02546e-03 1.67727e-06 7.43834e-20 1.39854e-16 1.80764e-11 2.66476e-14 9.83876e-01
1.24905e-02 1.78200e+02 7.78339e-07 3.83141e-05 2.34937e-07 1.00000e-02 6.59616e-05 2.03233e-13 5.77271e-03 1.71481e-06 8.07046e-20 1.68705e-16 2.30280e-11 2.76726e-14 9.84120e-01
1.65032e-02 1.78200e+02 9.59174e-07 4.81237e-05 2.82401e-07 1.00000e-02 6.86311e-05 2.41679e-13 5.51766e-03 1.83322e-06 9.00187e-20 2.10507e-16 3.09498e-11 2.93439e-14 9.84363e-01
2.18048e-02 1.78200e+02 1.20942e-06 6.18886e-05 3.47113e-07 1.00000e-02 7.14404e-05 2.82369e-13 5.25949e-03 2.05089e-06 1.02191e-19 2.70555e-16 4.25353e-11 3.17715e-14 9.84604e-01
2.88097e-02 1.78200e+02 1.53954e-06 8.03652e-05 4.30801e-07 1.00000e-02 7.38791e-05 3.20562e-13 4.99888e-03 2.40604e-06 1.17166e-19 3.57278e-16 5.87764e-11 3.51416e-14 9.84842e-01
3.80649e-02 1.78200e+02 1.96562e-06 1.04749e-04 5.36770e-07 1.00000e-02 7.53775e-05 3.49313e-13 4.73407e-03 2.99049e-06 1.35096e-19 4.86612e-16 8.10687e-11 3.98197e-14 9.85080e-01
5.02933e-02 1.78200e+02 2.50644e-06 1.36575e-04 6.69027e-07 1.00000e-02 7.52112e-05 3.59158e-13 4.46380e-03 4.00275e-06 1.56188e-19 6.87666e-16 1.10914e-10 4.64054e-14 9.85317e-01
6.64502e-02 1.78200e+02 3.18032e-06 1.78028e-04 8.32135e-07 1.00000e-02 7.24433e-05 3.39256e-13 4.18744e-03 5.85288e-06 1.80951e-19 1.00629e-15 1.49312e-10 5.60193e-14 9.85552e-01
8.77975e-02 1.78200e+02 3.99387e-06 2.31815e-04 1.03136e-06 1.00000e-02 6.59599e-05 2.81456e-13 3.90114e-03 9.26192e-06 2.09772e-19 1.46158e-15 1.95701e-10 7.08660e-14 9.85787e-01
1.16003e-01 1.78200e+02 4.89162e-06 3.01661e-04 1.27045e-06 1.00000e-02 5.49712e-05 1.88946e-13 3.60149e-03 1.50600e-05 2.42769e-19 1.83396e-15 2.44973e-10 9.54966e-14 9.86021e-01
1.53269e-01 1.78200e+02 5.63619e-06 3.92549e-04 1.55393e-06 1.00000e-02 4.04498e-05 8.75970e-14 3.28458e-03 2.28097e-05 2.79745e-19 1.45419e-15 2.85573e-10 1.39257e-13 9.86252e-01
2.02507e-01 1.78200e+02 5.73582e-06 5.09732e-04 1.87896e-06 1.00000e-02 2.66568e-05 2.20037e-14 2.94904e-03 2.75978e-05 3.20818e-19 4.59397e-16 3.03900e-10 2.18447e-13 9.86479e-01
2.67563e-01 1.78200e+02 5.15794e-06 6.54472e-04 2.23771e-06 1.00000e-02 1.76094e-05 4.21307e-15 2.60566e-03 2.52596e-05 3.68771e-19 8.32133e-17 3.07994e-10 3.53862e-13 9.86690e-01
3.53518e-01 1.78200e+02 4.44876e-06 8.18901e-04 2.58224e-06 1.00000e-02 1.27046e-05 1.79652e-15 2.27946e-03 2.04261e-05 4.25729e-19 3.07695e-17 3.18210e-10 5.59690e-13 9.86861e-01
4.67086e-01 1.78200e+02 3.82027e-06 9.87369e-04 2.82281e-06 1.00000e-02 1.01549e-05 1.67672e-15 1.98619e-03 1.55068e-05 4.92584e-19 2.32629e-17 3.37101e-10 8.34475e-13 9.86994e-01
6.17139e-01 1.78200e+02 3.28805e-06 1.14259e-03 2.94643e-06 1.00000e-02 8.84240e-06 3.43347e-15 1.73483e-03 1.10677e-05 5.70775e-19 3.52302e-17 3.59927e-10 1.15570e-12 9.87096e-01
8.15397e-01 1.78200e+02 2.82683e-06 1.27204e-03 3.02403e-06 1.00000e-02 8.17983e-06 1.73076e-14 1.52593e-03 7.23358e-06 6.61641e-19 1.26805e-16 3.81908e-10 1.49013e-12 9.87181e-01
1.07735e+00 1.78200e+02 2.40543e-06 1.37318e-03 3.08676e-06 1.00000e-02 7.83395e-06 8.99967e-14 1.35598e-03 3.99665e-06 7.66269e-19 5.04397e-16 3.97848e-10 1.81439e-12 9.87254e-01
1.42344e+00 1.78200e+02 2.02776e-06 1.45078e-03 3.13719e-06 1.00000e-02 7.51549e-06 2.48477e-13 1.22078e-03 1.92089e-06 8.83559e-19 1.04297e-15 4.06461e-10 2.12765e-12 9.87314e-01
1.88073e+00 1.78200e+02 1.72527e-06 1.50917e-03 3.17540e-06 1.00000e-02 7.10472e-06 4.59782e-13 1.11417e-03 9.26308e-07 1.01062e-18 1.45154e-15 4.11592e-10 2.44041e-12 9.87364e-01
2.48492e+00 1.78200e+02 1.49713e-06 1.55421e-03 3.20553e-06 1.00000e-02 6.62763e-06 7.02522e-13 1.03092e-03 4.86687e-07 1.14815e-18 1.74310e-15 4.16072e-10 2.76537e-12 9.87403e-01
3.28321e+00 1.78200e+02 1.31016e-06 1.59249e-03 3.23166e-06 1.00000e-02 6.07703e-06 9.70800e-13 9.58379e-04 2.77242e-07 1.30868e-18 1.96768e-15 4.21174e-10 3.15558e-12 9.87438e-01
4.33794e+00 1.78200e+02 1.14323e-06 1.62770e-03 3.25596e-06 1.00000e-02 5.42627e-06 1.25484e-12 8.89148e-04 1.67210e-07 1.51017e-18 2.12707e-15 4.26742e-10 3.68183e-12 9.87473e-01
5.73152e+00 1.78200e+02 9.91798e-07 1.66111e-03 3.27926e-06 1.00000e-02 4.69705e-06 1.53316e-12 8.22907e-04 1.07060e-07 1.75003e-18 2.22337e-15 4.31796e-10 4.40428e-12 9.87507e-01
7.57279e+00 1.78200e+02 8.53738e-07 1.69218e-03 3.30154e-06 1.00000e-02 3.92692e-06 1.79503e-12 7.59746e-04 7.14976e-08 2.01134e-18 2.25632e-15 4.35223e-10 5.39968e-12 9.87540e-01
1.00056e+01 1.78200e+02 7.25866e-07 1.72216e-03 3.32346e-06 1.00000e-02 3.17100e-06 2.06139e-12 6.99652e-04 4.87183e-08 2.25595e-18 2.24149e-15 4.35995e-10 6.75482e-12 9.87571e-01
1.32199e+01 1.78200e+02 6.07551e-07 1.75044e-03 3.34467e-06 1.00000e-02 2.48931e-06 2.39519e-12 6.43024e-04 3.33261e-08 2.43166e-18 2.20918e-15 4.33803e-10 8.55492e-12 9.87600e-01
1.74668e+01 1.78200e+02 4.99401e-07 1.77631e-03 3.36590e-06 1.00000e-02 1.92166e-06 2.90463e-12 5.90184e-04 2.27014e-08 2.50166e-18 2.18734e-15 4.29113e-10 1.08662e-11 9.87628e-01
2.30780e+01 1.78200e+02 4.03170e-07 1.80012e-03 3.38512e-06 1.00000e-02 1.47747e-06 3.72722e-12 5.41735e-04 1.53543e-08 2.46787e-18 2.18055e-15 4.23010e-10 1.37040e-11 9.87653e-01
3.04919e+01 1.78200e+02 3.20545e-07 1.82184e-03 3.40337e-06 1.00000e-02 1.13950e-06 5.00906e-12 4.98301e-04 1.03044e-08 2.38173e-18 2.17410e-15 4.17489e-10 1.70146e-11 9.87675e-01
4.02875e+01 1.78200e+02 2.52286e-07 1.84100e-03 3.42000e-06 1.00000e-02 8.85000e-07 6.90201e-12 4.60142e-04 6.89338e-09 2.32550e-18 2.15750e-15 4.14650e-10 2.07509e-11 9.87694e-01
5.32300e+01 1.78200e+02 1.97574e-07 1.85663e-03 3.43463e-06 1.00000e-02 6.90803e-07 9.56191e-12 4.27181e-04 4.65639e-09 2.37301e-18 2.13173e-15 4.15927e-10 2.48884e-11 9.87712e-01
7.03303e+01 1.78200e+02 1.54399e-07 1.87121e-03 3.44721e-06 1.00000e-02 5.40023e-07 1.29571e-11 3.98804e-04 3.25354e-09 2.56451e-18 2.09838e-15 4.20337e-10 2.95141e-11 9.87726e-01
9.29241e+01 1.78200e+02 1.20197e-07 1.88330e-03 3.45930e-06 1.00000e-02 4.19572e-07 1.67082e-11 3.73976e-04 2.41376e-09 2.91144e-18 2.05968e-15 4.24890e-10 3.49205e-11 9.87739e-01
1.22776e+02 1.78200e+02 9.32271e-08 1.89438e-03 3.46979e-06 1.00000e-02 3.22673e-07 2.03295e-11 3.52347e-04 1.94145e-09 3.41385e-18 2.04200e-15 4.27079e-10 4.14108e-11 9.87749e-01
1.62218e+02 1.78200e+02 7.17831e-08 1.90385e-03 3.47985e-06 1.00000e-02 2.43313e-07 2.33983e-11 3.33042e-04 1.68803e-09 4.09372e-18 2.06063e-15 4.26430e-10 4.95383e-11 9.87759e-01
2.14331e+02 1.78200e+02 5.49651e-08 1.91227e-03 3.48890e-06 1.00000e-02 1.79322e-07 2.54708e-11 3.16138e-04 1.57368e-09 4.98938e-18 2.14600e-15 4.23049e-10 5.97475e-11 9.87768e-01
2.83186e+02 1.78200e+02 4.14978e-08 1.92031e-03 3.49796e-06 1.00000e-02 1.27311e-07 2.60412e-11 3.00965e-04 1.56514e-09 6.21137e-18 2.32495e-15 4.16867e-10 7.30066e-11 9.87775e-01
3.74160e+02 1.78200e+02 3.07579e-08 1.92701e-03 3.50601e-06 1.00000e-02 8.59965e-08 2.45310e-11 2.87422e-04 1.69453e-09 7.91680e-18 2.66073e-15 4.07423e-10 9.02442e-11 9.87782e-01
4.94360e+02 1.78200e+02 2.22082e-08 1.93268e-03 3.51337e-06 1.00000e-02 5.43431e-08 2.05460e-11 2.75505e-04 2.07728e-09 1.03176e-17 3.26476e-15 3.93513e-10 1.12636e-10 9.87788e-01
6.53174e+02 1.66445e+02 1.53194e-08 1.93832e-03 3.52032e-06 1.00000e-02 3.10473e-08 2.99908e-11 2.65153e-04 2.94127e-09 1.36191e-17 4.98513e-15 3.76828e-10 1.41534e-10 9.87793e-01
8.63008e+02 1.84307e+02 1.69207e-08 1.94257e-03 3.52670e-06 1.00000e-02 1.46416e-08 5.82023e-12 2.56444e-04 4.52393e-09 1.35639e-17 6.15882e-15 3.39053e-10 1.77965e-10 9.87797e-01
1.14025e+03 2.18806e+02 2.03886e-08 1.94794e-03 3.53490e-06 1.00000e-02 2.21475e-09 1.36072e-13 2.45703e-04 7.96015e-09 8.26272e-18 5.50966e-15 2.55992e-10 2.48582e-10 9.87803e-01
1.50656e+03 2.34414e+02 2.31460e-08 1.95381e-03 3.54625e-06 1.00000e-02 3.42968e-11 1.03570e-15 2.33198e-04 1.11272e-08 2.89846e-18 1.39172e-15 1.45340e-10 3.81253e-10 9.87809e-01
1.99055e+03 2.41099e+02 2.52329e-08 1.96066e-03 3.55850e-06 1.00000e-02 1.13223e-13 2.59749e-18 2.20903e-04 1.22382e-08 3.15314e-18 2.02376e-15 6.81435e-11 4.95231e-10 9.87815e-01
2.63002e+03 2.43593e+02 2.67685e-08 1.96593e-03 3.57079e-06 1.00000e-02 2.96444e-14 6.86645e-19 2.08994e-04 1.23993e-08 1.08344e-17 7.47566e-15 3.81308e-11 5.51263e-10 9.87821e-01
3.47492e+03 2.40896e+02 2.79137e-08 1.97201e-03 3.58202e-06 1.00000e-02 6.94992e-14 2.41713e-18 1.97969e-04 1.23596e-08 4.22843e-17 3.49800e-14 3.53501e-11 5.70313e-10 9.87826e-01
4.59124e+03 2.40412e+02 2.93473e-08 1.97706e-03 3.59012e-06 1.00000e-02 1.45785e-13 6.38735e-18 1.87545e-04 1.21425e-08 1.41695e-16 1.33037e-13 4.90741e-11 5.66733e-10 9.87832e-01
6.06619e+03 2.41758e+02 3.13335e-08 1.98212e-03 3.59723e-06 1.00000e-02 2.25859e-13 1.04016e-17 1.77411e-04 1.13196e-08 3.93954e-16 4.10744e-13 9.08610e-11 5.38630e-10 9.87837e-01
8.01497e+03 2.43478e+02 3.35369e-08 1.98719e-03 3.60219e-06 1.00000e-02 3.30693e-13 1.40415e-17 1.67315e-04 9.46186e-09 9.26248e-16 1.06830e-12 1.76562e-10 4.85251e-10 9.87842e-01
1.05898e+04 2.45322e+02 3.51693e-08 1.99230e-03 3.60400e-06 1.00000e-02 4.22418e-13 1.40807e-17 1.57738e-04 6.82500e-09 2.08426e-15 2.26475e-12 2.74869e-10 4.30979e-10 9.87846e-01
1.39918e+04 2.52098e+02 3.53155e-08 1.99647e-03 3.60253e-06 1.00000e-02 1.82974e-13 3.13047e-18 1.49849e-04 4.45653e-09 1.08865e-14 1.96973e-12 3.21659e-10 4.02241e-10 9.87850e-01
1.84867e+04 2.59780e+02 3.40064e-08 1.99877e-03 3.60100e-06 1.00000e-02 3.21996e-14 2.47221e-19 1.44787e-04 2.87227e-09 9.29968e-14 7.33764e-13 3.18264e-10 3.81018e-10 9.87853e-01
2.44256e+04 2.66303e+02 3.28642e-08 2.00000e-03 3.59900e-06 1.00000e-02 9.54657e-15 3.80989e-20 1.42863e-04 2.11389e-09 3.34387e-13 1.91556e-13 3.24937e-10 3.46410e-10 9.87854e-01
3.22724e+04 2.69473e+02 3.52402e-08 2.00000e-03 3.59900e-06 1.00000e-02 3.10043e-13 7.59086e-19 1.42500e-04 1.93653e-09 5.17034e-13 1.12929e-13 3.58578e-10 3.27306e-10 9.87854e-01
4.26400e+04 2.73212e+02 3.46359e-08 2.00000e-03 3.59900e-06 1.00000e-02 1.05258e-11 2.47852e-17 1.42400e-04 1.92658e-09 7.36894e-13 1.83402e-11 3.80416e-10 3.14764e-10 9.87854e-01
5.63382e+04 2.73098e+02 4.05105e-08 2.00000e-03 3.59900e-06 1.00000e-02 2.37480e-10 6.01428e-15 1.42300e-04 2.07777e-09 1.10713e-12 3.91284e-10 3.24714e-10 3.05334e-10 9.87854e-01
7.44369e+04 2.71093e+02 3.96173e-03 2.00000e-03 3.59900e-06 1.00000e-02 3.20241e-09 1.75029e-13 1.42200e-04 1.98678e-09 1.10478e-12 7.11933e-10 2.14773e-10 2.99634e-10 9.83892e-01
9.83500e+04 2.85200e+02 1.10600e-02 2.00000e-03 3.59900e-06 1.00000e-02 1.00000e-08 3.84900e-13 1.42200e-04 1.48800e-09 6.92600e-13 7.10000e-10 6.70400e-11 2.97800e-10 9.76794e-01
