#   Press      Temp       H2O(1)      CH4(6)     C2H6(27)     CO2(2)       O2(7)       O3(3)       CO(5)     H2CO(20)    HNO3(12)     NO2(10)     SO2(9)      OCS(19)     N2(22)    
7.30200e-03 1.78200e+02 7.94800e-07 3.30300e-05 2.46200e-07 1.00000e-02 6.81300e-05 1.58500e-13 6.27500e-03 2.12000e-06 6.12300e-20 1.47500e-16 1.91200e-11 4.00400e-14 9.83621e-01
9.64443e-03 1.78200e+02 8.60110e-07 3.60557e-05 2.63667e-07 1.00000e-02 6.91052e-05 1.87067e-13 6.02578e-03 2.11369e-06 6.35999e-20 1.74067e-16 2.16462e-11 4.06645e-14 9.83866e-01
1.27383e-02 1.78200e+02 1.01222e-06 4.31151e-05 3.03868e-07 1.00000e-02 7.10972e-05 2.21195e-13 5.77253e-03 2.18036e-06 6.89766e-20 2.11407e-16 2.75465e-11 4.22060e-14 9.84110e-01
1.68246e-02 1.78200e+02 1.24645e-06 5.41514e-05 3.65260e-07 1.00000e-02 7.35758e-05 2.58727e-13 5.51605e-03 2.36114e-06 7.69461e-20 2.65966e-16 3.70063e-11 4.47033e-14 9.84352e-01
2.22219e-02 1.78200e+02 1.56981e-06 6.96009e-05 4.48702e-07 1.00000e-02 7.60164e-05 2.95833e-13 5.25588e-03 2.69328e-06 8.73041e-20 3.45626e-16 5.07342e-11 4.83378e-14 9.84594e-01
2.93505e-02 1.78200e+02 1.99644e-06 9.03642e-05 5.56753e-07 1.00000e-02 7.78305e-05 3.26672e-13 4.99212e-03 3.25640e-06 1.00080e-19 4.64086e-16 6.99089e-11 5.34049e-14 9.84834e-01
3.87659e-02 1.78200e+02 2.54383e-06 1.17715e-04 6.93388e-07 1.00000e-02 7.83003e-05 3.42987e-13 4.72435e-03 4.22763e-06 1.15318e-19 6.46332e-16 9.59189e-11 6.04761e-14 9.85072e-01
5.12017e-02 1.78200e+02 3.23502e-06 1.53533e-04 8.63714e-07 1.00000e-02 7.65029e-05 3.34660e-13 4.44936e-03 5.97442e-06 1.33418e-19 9.34766e-16 1.30051e-10 7.05829e-14 9.85311e-01
6.76268e-02 1.78200e+02 4.08370e-06 2.00167e-04 1.07354e-06 1.00000e-02 7.12960e-05 2.92383e-13 4.16532e-03 9.17093e-06 1.54458e-19 1.36834e-15 1.72313e-10 8.57520e-14 9.85549e-01
8.93210e-02 1.78200e+02 5.06339e-06 2.61012e-04 1.32931e-06 1.00000e-02 6.15724e-05 2.14515e-13 3.86894e-03 1.47526e-05 1.78755e-19 1.84846e-15 2.19760e-10 1.10166e-13 9.85787e-01
1.17975e-01 1.78200e+02 6.00705e-06 3.40662e-04 1.63752e-06 1.00000e-02 4.73874e-05 1.17136e-13 3.55525e-03 2.30658e-05 2.06064e-19 1.83111e-15 2.63381e-10 1.52714e-13 9.86026e-01
1.55820e-01 1.78200e+02 6.44180e-06 4.45040e-04 1.99982e-06 1.00000e-02 3.18503e-05 3.81685e-14 3.22184e-03 3.09690e-05 2.36072e-19 8.74843e-16 2.88306e-10 2.30461e-13 9.86262e-01
2.05806e-01 1.78200e+02 5.99227e-06 5.78876e-04 2.41552e-06 1.00000e-02 2.01173e-05 7.09514e-15 2.87127e-03 3.16428e-05 2.70321e-19 1.70631e-16 2.91152e-10 3.69870e-13 9.86490e-01
2.71827e-01 1.78200e+02 5.17687e-06 7.40115e-04 2.85752e-06 1.00000e-02 1.34009e-05 1.91937e-15 2.52432e-03 2.70190e-05 3.11027e-19 4.13463e-17 2.93713e-10 5.96552e-13 9.86687e-01
3.59027e-01 1.78200e+02 4.42239e-06 9.17802e-04 3.23716e-06 1.00000e-02 9.88086e-06 1.14858e-15 2.20281e-03 2.14750e-05 3.59238e-19 2.05532e-17 3.06846e-10 9.24567e-13 9.86840e-01
4.74200e-01 1.78200e+02 3.79999e-06 1.09407e-03 3.44950e-06 1.00000e-02 8.07447e-06 1.31484e-15 1.91804e-03 1.61848e-05 4.15757e-19 1.85660e-17 3.28004e-10 1.34271e-12 9.86956e-01
6.26320e-01 1.78200e+02 3.28947e-06 1.25251e-03 3.53187e-06 1.00000e-02 7.14986e-06 3.20064e-15 1.67528e-03 1.15890e-05 4.81636e-19 3.33838e-17 3.52116e-10 1.80953e-12 9.87047e-01
8.27239e-01 1.78200e+02 2.85316e-06 1.38139e-03 3.57900e-06 1.00000e-02 6.68962e-06 1.66076e-14 1.47508e-03 7.69098e-06 5.58135e-19 1.29455e-16 3.74732e-10 2.27590e-12 9.87123e-01
1.09261e+00 1.78200e+02 2.45221e-06 1.48225e-03 3.61870e-06 1.00000e-02 6.45267e-06 8.18884e-14 1.31325e-03 4.44409e-06 6.46245e-19 5.04181e-16 3.91385e-10 2.71449e-12 9.87188e-01
1.44311e+00 1.78200e+02 2.08636e-06 1.55832e-03 3.65214e-06 1.00000e-02 6.22153e-06 2.22580e-13 1.18445e-03 2.31108e-06 7.44219e-19 1.04737e-15 4.00429e-10 3.12804e-12 9.87243e-01
1.90605e+00 1.78200e+02 1.78536e-06 1.61588e-03 3.67739e-06 1.00000e-02 5.89821e-06 4.08395e-13 1.08340e-03 1.21685e-06 8.48955e-19 1.46074e-15 4.05266e-10 3.52924e-12 9.87288e-01
2.51750e+00 1.78200e+02 1.55406e-06 1.66017e-03 3.69754e-06 1.00000e-02 5.50850e-06 6.18312e-13 1.00392e-03 6.92976e-07 9.58000e-19 1.74084e-15 4.08699e-10 3.93050e-12 9.87324e-01
3.32510e+00 1.78200e+02 1.36139e-06 1.69752e-03 3.71476e-06 1.00000e-02 5.05281e-06 8.50928e-13 9.34996e-04 4.22897e-07 1.08196e-18 1.94260e-15 4.12265e-10 4.39571e-12 9.87357e-01
4.39176e+00 1.78200e+02 1.18733e-06 1.73277e-03 3.73180e-06 1.00000e-02 4.51751e-06 1.10496e-12 8.69098e-04 2.69787e-07 1.23383e-18 2.07614e-15 4.16209e-10 5.00203e-12 9.87388e-01
5.80061e+00 1.78200e+02 1.02846e-06 1.76493e-03 3.74797e-06 1.00000e-02 3.92519e-06 1.37457e-12 8.05981e-04 1.80391e-07 1.40997e-18 2.15509e-15 4.20012e-10 5.80801e-12 9.87420e-01
7.66140e+00 1.78200e+02 8.83392e-07 1.79624e-03 3.76334e-06 1.00000e-02 3.30978e-06 1.65916e-12 7.45457e-04 1.24621e-07 1.60088e-18 2.18767e-15 4.22734e-10 6.88579e-12 9.87450e-01
1.01191e+01 1.78200e+02 7.49662e-07 1.82528e-03 3.77927e-06 1.00000e-02 2.70988e-06 1.97638e-12 6.87814e-04 8.73324e-08 1.78168e-18 2.18348e-15 4.23675e-10 8.31430e-12 9.87480e-01
1.33653e+01 1.78200e+02 6.26787e-07 1.85256e-03 3.79442e-06 1.00000e-02 2.16154e-06 2.36920e-12 6.33155e-04 6.10108e-08 1.92195e-18 2.15659e-15 4.22273e-10 1.01754e-11 9.87508e-01
1.76527e+01 1.78200e+02 5.15510e-07 1.87849e-03 3.80924e-06 1.00000e-02 1.69312e-06 2.90088e-12 5.82066e-04 4.21397e-08 1.99542e-18 2.11634e-15 4.18965e-10 1.25235e-11 9.87533e-01
2.33156e+01 1.78200e+02 4.17169e-07 1.90168e-03 3.82334e-06 1.00000e-02 1.31322e-06 3.64764e-12 5.35085e-04 2.86695e-08 2.00299e-18 2.06565e-15 4.14498e-10 1.53844e-11 9.87558e-01
3.07951e+01 1.78200e+02 3.32775e-07 1.92316e-03 3.83644e-06 1.00000e-02 1.01538e-06 4.68206e-12 4.92775e-04 1.92175e-08 1.97884e-18 2.00479e-15 4.10403e-10 1.87392e-11 9.87579e-01
4.06739e+01 1.78200e+02 2.62997e-07 1.94130e-03 3.84915e-06 1.00000e-02 7.86511e-07 6.11843e-12 4.55627e-04 1.27302e-08 1.98299e-18 1.95063e-15 4.08738e-10 2.25302e-11 9.87598e-01
5.37218e+01 1.78200e+02 2.06896e-07 1.95803e-03 3.86022e-06 1.00000e-02 6.11220e-07 8.16938e-12 4.23429e-04 8.39173e-09 2.07185e-18 1.92057e-15 4.10827e-10 2.67637e-11 9.87614e-01
7.09554e+01 1.78200e+02 1.62557e-07 1.97171e-03 3.87028e-06 1.00000e-02 4.75802e-07 1.09349e-11 3.95676e-04 5.58703e-09 2.27880e-18 1.90629e-15 4.15767e-10 3.15348e-11 9.87628e-01
9.37173e+01 1.78200e+02 1.27373e-07 1.98378e-03 3.87933e-06 1.00000e-02 3.68497e-07 1.41938e-11 3.71463e-04 3.84558e-09 2.61417e-18 1.89322e-15 4.20534e-10 3.71421e-11 9.87640e-01
1.23781e+02 1.78200e+02 9.95661e-08 1.99439e-03 3.88739e-06 1.00000e-02 2.82680e-07 1.75011e-11 3.50289e-04 2.82365e-09 3.07753e-18 1.89185e-15 4.22793e-10 4.39235e-11 9.87651e-01
1.63489e+02 1.78200e+02 7.75210e-08 2.00443e-03 3.89543e-06 1.00000e-02 2.12802e-07 2.03752e-11 3.31491e-04 2.24830e-09 3.68698e-18 1.91667e-15 4.21772e-10 5.24335e-11 9.87660e-01
2.15935e+02 1.78200e+02 6.01793e-08 2.01248e-03 3.90299e-06 1.00000e-02 1.56297e-07 2.23275e-11 3.14930e-04 1.94937e-09 4.47578e-18 1.99628e-15 4.17810e-10 6.31967e-11 9.87668e-01
2.85206e+02 1.78200e+02 4.64209e-08 2.02001e-03 3.91001e-06 1.00000e-02 1.10519e-07 2.28041e-11 3.00073e-04 1.83946e-09 5.52338e-18 2.15692e-15 4.10883e-10 7.71763e-11 9.87676e-01
3.76698e+02 1.78200e+02 3.55362e-08 2.02656e-03 3.91704e-06 1.00000e-02 7.40123e-08 2.12624e-11 2.86868e-04 1.92184e-09 6.94191e-18 2.45109e-15 4.00316e-10 9.54020e-11 9.87683e-01
4.97540e+02 1.78200e+02 2.70461e-08 2.03206e-03 3.92306e-06 1.00000e-02 4.61526e-08 1.74491e-11 2.75187e-04 2.30676e-09 8.84729e-18 2.97404e-15 3.85011e-10 1.19030e-10 9.87689e-01
6.57147e+02 1.69820e+02 2.04032e-08 2.03751e-03 3.93003e-06 1.00000e-02 2.57420e-08 2.03771e-11 2.64906e-04 3.23250e-09 1.12619e-17 4.31979e-15 3.65670e-10 1.49810e-10 9.87694e-01
8.67955e+02 1.85348e+02 2.12938e-08 2.04187e-03 3.93487e-06 1.00000e-02 1.16035e-08 4.37580e-12 2.56292e-04 4.96433e-09 1.07988e-17 5.23912e-15 3.26434e-10 1.88696e-10 9.87698e-01
1.14639e+03 2.21098e+02 2.44871e-08 2.04773e-03 3.94259e-06 1.00000e-02 1.51023e-09 8.56429e-14 2.45537e-04 8.72243e-09 5.93055e-18 3.86097e-15 2.36998e-10 2.65016e-10 9.87703e-01
1.51414e+03 2.36654e+02 2.72873e-08 2.05374e-03 3.95323e-06 1.00000e-02 1.69905e-11 4.23649e-16 2.33026e-04 1.18460e-08 2.05760e-18 9.72723e-16 1.23937e-10 4.02725e-10 9.87709e-01
1.99987e+03 2.43355e+02 2.94662e-08 2.05980e-03 3.96539e-06 1.00000e-02 5.57670e-14 1.04078e-18 2.20612e-04 1.26857e-08 2.54381e-18 1.64799e-15 5.46651e-11 5.08803e-10 9.87716e-01
2.64141e+03 2.45400e+02 3.09772e-08 2.06592e-03 3.97676e-06 1.00000e-02 2.12728e-14 4.17773e-19 2.08720e-04 1.26524e-08 9.15763e-18 6.37649e-15 2.98035e-11 5.59064e-10 9.87721e-01
3.48875e+03 2.42491e+02 3.19985e-08 2.07203e-03 3.98606e-06 1.00000e-02 5.09179e-14 1.52366e-18 1.97618e-04 1.25487e-08 3.64211e-17 3.06462e-14 2.78244e-11 5.76638e-10 9.87726e-01
4.60792e+03 2.41910e+02 3.32365e-08 2.07710e-03 3.99310e-06 1.00000e-02 1.10345e-13 4.18953e-18 1.87154e-04 1.22862e-08 1.22855e-16 1.18270e-13 3.92866e-11 5.74555e-10 9.87732e-01
6.08611e+03 2.43168e+02 3.48833e-08 2.08217e-03 3.99817e-06 1.00000e-02 1.75347e-13 7.02850e-18 1.76974e-04 1.14003e-08 3.39574e-16 3.65084e-13 7.51947e-11 5.50129e-10 9.87737e-01
8.03849e+03 2.44780e+02 3.64675e-08 2.08727e-03 4.00000e-06 1.00000e-02 2.55972e-13 9.56008e-18 1.66759e-04 9.49629e-09 7.89661e-16 9.30311e-13 1.53746e-10 4.99626e-10 9.87742e-01
1.06172e+04 2.46223e+02 3.71046e-08 2.09238e-03 3.99900e-06 1.00000e-02 3.34799e-13 1.01655e-17 1.57192e-04 6.85024e-09 1.86448e-15 1.97082e-12 2.51922e-10 4.43642e-10 9.87746e-01
1.40231e+04 2.52667e+02 3.60998e-08 2.09657e-03 3.99543e-06 1.00000e-02 1.47556e-13 2.36765e-18 1.49290e-04 4.47966e-09 1.07545e-14 1.72062e-12 3.01527e-10 4.10189e-10 9.87750e-01
1.85216e+04 2.59868e+02 3.38824e-08 2.09886e-03 3.99214e-06 1.00000e-02 2.62571e-14 1.93760e-19 1.44309e-04 2.89115e-09 9.17407e-14 6.42634e-13 3.02873e-10 3.82220e-10 9.87753e-01
2.44632e+04 2.66100e+02 3.23736e-08 2.10000e-03 3.99000e-06 1.00000e-02 9.41921e-15 3.82367e-20 1.42445e-04 2.13479e-09 3.23980e-13 1.75598e-13 3.18084e-10 3.42498e-10 9.87754e-01
3.23108e+04 2.69204e+02 3.13438e-08 2.10000e-03 3.99000e-06 1.00000e-02 3.26312e-13 8.42558e-19 1.42124e-04 1.95591e-09 4.96907e-13 1.09209e-13 3.55197e-10 3.22433e-10 9.87754e-01
4.26758e+04 2.72946e+02 2.51831e-08 2.10000e-03 3.99000e-06 1.00000e-02 1.22901e-11 3.51296e-17 1.42000e-04 1.94408e-09 7.10249e-13 2.36321e-11 3.77157e-10 3.09443e-10 9.87754e-01
5.63659e+04 2.72869e+02 2.01915e-08 2.10000e-03 3.98900e-06 1.00000e-02 2.75675e-10 8.72036e-15 1.41900e-04 2.08634e-09 1.06329e-12 4.34260e-10 3.21041e-10 2.99649e-10 9.87754e-01
7.44477e+04 2.68532e+02 1.61256e-03 2.10000e-03 3.98900e-06 1.00000e-02 3.45557e-09 2.00468e-13 1.41863e-04 1.91662e-09 1.01068e-12 6.85899e-10 2.10549e-10 2.93901e-10 9.86142e-01
9.83300e+04 2.83200e+02 9.59100e-03 2.10000e-03 3.98900e-06 1.00000e-02 1.00000e-08 4.05200e-13 1.41800e-04 1.41600e-09 6.41500e-13 6.84400e-10 6.54700e-11 2.92100e-10 9.78163e-01
